3.850933000000000000e+06
3.816372700000000186e+06
3.782303399999999907e+06
3.748720799999999814e+06
3.715615700000000186e+06
3.682983500000000000e+06
3.650815200000000186e+06
3.619106700000000186e+06
3.587849600000000093e+06
3.557039600000000093e+06
3.526668399999999907e+06
3.496732000000000000e+06
3.467222100000000093e+06
3.438134899999999907e+06
3.409462600000000093e+06
3.381201100000000093e+06
3.353343000000000000e+06
3.325884399999999907e+06
3.298818100000000093e+06
3.272140299999999814e+06
3.245843600000000093e+06
3.219924600000000093e+06
3.194376299999999814e+06
3.169195500000000000e+06
3.144375500000000000e+06
3.119912899999999907e+06
3.095801200000000186e+06
3.072037000000000000e+06
3.048614100000000093e+06
3.025529200000000186e+06
3.002776200000000186e+06
2.980352000000000000e+06
2.958250600000000093e+06
2.936469000000000000e+06
2.915001299999999814e+06
2.893844799999999814e+06
2.872993600000000093e+06
2.852444700000000186e+06
2.832192700000000186e+06
2.812234899999999907e+06
2.792566100000000093e+06
2.773183600000000093e+06
2.754082200000000186e+06
2.735259299999999814e+06
2.716709799999999814e+06
2.698431299999999814e+06
2.680418600000000093e+06
2.662669500000000000e+06
2.645179100000000093e+06
2.627944899999999907e+06
2.610962299999999814e+06
2.594229200000000186e+06
2.577740600000000093e+06
2.561494700000000186e+06
2.545486700000000186e+06
2.529714600000000093e+06
2.514173899999999907e+06
2.498862500000000000e+06
2.483776399999999907e+06
2.468913299999999814e+06
2.454269500000000000e+06
2.439842899999999907e+06
2.425629500000000000e+06
2.411627399999999907e+06
2.397832600000000093e+06
2.384243399999999907e+06
2.370855799999999814e+06
2.357668100000000093e+06
2.344676600000000093e+06
2.331879399999999907e+06
2.319273000000000000e+06
2.306855700000000186e+06
2.294623799999999814e+06
2.282575700000000186e+06
2.270707899999999907e+06
2.259018899999999907e+06
2.247433399999999907e+06
2.235945000000000000e+06
2.224621899999999907e+06
2.213457799999999814e+06
2.202442799999999814e+06
2.191567200000000186e+06
2.180812399999999907e+06
2.170149799999999814e+06
2.159515700000000186e+06
2.148789700000000186e+06
2.137702899999999907e+06
2.125365899999999907e+06
1.977597300000000047e+06
1.974048300000000047e+06
1.970500300000000047e+06
1.966953199999999953e+06
1.963407000000000000e+06
1.959861699999999953e+06
1.956317300000000047e+06
1.952773800000000047e+06
1.949231100000000093e+06
1.945689300000000047e+06
1.942148399999999907e+06
1.938608300000000047e+06
1.935069100000000093e+06
1.931530699999999953e+06
1.927993100000000093e+06
1.924456300000000047e+06
1.920920399999999907e+06
1.917385199999999953e+06
1.913850899999999907e+06
1.910317399999999907e+06
1.906784600000000093e+06
1.903252600000000093e+06
1.899721399999999907e+06
1.896191000000000000e+06
1.892661399999999907e+06
1.889132500000000000e+06
1.885604399999999907e+06
1.882077000000000000e+06
1.878550399999999907e+06
1.875024500000000000e+06
1.871499399999999907e+06
1.867975000000000000e+06
1.864451399999999907e+06
1.860928399999999907e+06
1.857406199999999953e+06
1.853884699999999953e+06
1.850364000000000000e+06
1.846843899999999907e+06
1.843324500000000000e+06
1.839805899999999907e+06
1.836287899999999907e+06
1.832770600000000093e+06
1.829254000000000000e+06
1.825738100000000093e+06
1.822222899999999907e+06
1.818708399999999907e+06
1.815194500000000000e+06
1.811681300000000047e+06
1.808168699999999953e+06
1.804656800000000047e+06
1.801145500000000000e+06
1.797634800000000047e+06
1.794124699999999953e+06
1.790615199999999953e+06
1.787106199999999953e+06
1.783597899999999907e+06
1.780090100000000093e+06
1.776582899999999907e+06
1.773076300000000047e+06
1.769570300000000047e+06
1.766064800000000047e+06
1.762559899999999907e+06
1.759055500000000000e+06
1.755551699999999953e+06
1.752048500000000000e+06
1.748545699999999953e+06
1.745043600000000093e+06
1.741542000000000000e+06
1.738040899999999907e+06
1.734540300000000047e+06
1.731040300000000047e+06
1.727540800000000047e+06
1.724041899999999907e+06
1.720543399999999907e+06
1.717045600000000093e+06
1.713548300000000047e+06
1.710051500000000000e+06
1.706555399999999907e+06
1.703059699999999953e+06
1.699564699999999953e+06
1.696070100000000093e+06
1.692576100000000093e+06
1.689082699999999953e+06
1.685589699999999953e+06
1.682097300000000047e+06
1.678605500000000000e+06
1.675114100000000093e+06
1.671623199999999953e+06
1.668132899999999907e+06
1.664643100000000093e+06
1.661153800000000047e+06
1.657664899999999907e+06
1.654176600000000093e+06
1.650688699999999953e+06
1.647201399999999907e+06
1.643714500000000000e+06
1.640228100000000093e+06
1.636742199999999953e+06
1.633256699999999953e+06
1.629771699999999953e+06
1.626287199999999953e+06
1.622803100000000093e+06
1.619319500000000000e+06
1.615836300000000047e+06
1.612353500000000000e+06
1.608871300000000047e+06
1.605389399999999907e+06
1.601908000000000000e+06
1.598427000000000000e+06
1.594946399999999907e+06
1.591466300000000047e+06
1.587986500000000000e+06
1.584507199999999953e+06
1.581028300000000047e+06
1.577549800000000047e+06
1.574071800000000047e+06
1.570594100000000093e+06
1.567116800000000047e+06
1.563639899999999907e+06
1.560163399999999907e+06
1.556687199999999953e+06
1.553211500000000000e+06
1.549736199999999953e+06
1.546261199999999953e+06
1.542786600000000093e+06
1.539312300000000047e+06
1.535838500000000000e+06
1.532365000000000000e+06
1.528891800000000047e+06
1.525419000000000000e+06
1.521946600000000093e+06
1.518474500000000000e+06
1.515002800000000047e+06
1.511531399999999907e+06
1.508060500000000000e+06
1.504589899999999907e+06
1.501119699999999953e+06
1.497649899999999907e+06
1.494180500000000000e+06
1.490711399999999907e+06
1.487242699999999953e+06
1.483774399999999907e+06
1.480306500000000000e+06
1.476838800000000047e+06
1.473371600000000093e+06
1.469904699999999953e+06
1.466438100000000093e+06
1.462971800000000047e+06
1.459505899999999907e+06
1.456040300000000047e+06
1.452575000000000000e+06
1.449110000000000000e+06
1.445645399999999907e+06
1.442181000000000000e+06
1.438716800000000047e+06
1.435252800000000047e+06
1.431789100000000093e+06
1.428325500000000000e+06
1.424862199999999953e+06
1.421399100000000093e+06
1.417936199999999953e+06
1.414473399999999907e+06
1.411010899999999907e+06
1.407548500000000000e+06
1.404086300000000047e+06
1.400624300000000047e+06
1.397162399999999907e+06
1.393700699999999953e+06
1.390239199999999953e+06
1.386777800000000047e+06
1.383316500000000000e+06
1.379855399999999907e+06
1.376394399999999907e+06
1.372933600000000093e+06
1.369472800000000047e+06
1.366012199999999953e+06
1.362551699999999953e+06
1.359091300000000047e+06
1.355631000000000000e+06
1.352170699999999953e+06
1.348710600000000093e+06
1.345250600000000093e+06
1.341790600000000093e+06
1.338330699999999953e+06
1.334870800000000047e+06
1.331411100000000093e+06
1.327951399999999907e+06
1.324491899999999907e+06
1.321032500000000000e+06
1.317573199999999953e+06
1.314113899999999907e+06
1.310654800000000047e+06
1.307195699999999953e+06
1.303736800000000047e+06
1.300277800000000047e+06
1.296819000000000000e+06
1.293360199999999953e+06
1.289901399999999907e+06
1.286442600000000093e+06
1.282983899999999907e+06
1.279525199999999953e+06
1.276066500000000000e+06
1.272607899999999907e+06
1.269149199999999953e+06
1.265690500000000000e+06
1.262231800000000047e+06
1.258773000000000000e+06
1.255314300000000047e+06
1.251855399999999907e+06
1.248396600000000093e+06
1.244937699999999953e+06
1.241478699999999953e+06
1.238019699999999953e+06
1.234560600000000093e+06
1.231101399999999907e+06
1.227642100000000093e+06
1.224182800000000047e+06
1.220723300000000047e+06
1.217263699999999953e+06
1.213804000000000000e+06
1.210344300000000047e+06
1.206884300000000047e+06
1.203424300000000047e+06
1.199964100000000093e+06
1.196503800000000047e+06
1.193043300000000047e+06
1.189582600000000093e+06
1.186121800000000047e+06
1.182660899999999907e+06
1.179199699999999953e+06
1.175738399999999907e+06
1.172276800000000047e+06
1.168815199999999953e+06
1.165353399999999907e+06
1.161891399999999907e+06
1.158429300000000047e+06
1.154966899999999907e+06
1.151504300000000047e+06
1.148041399999999907e+06
1.144578199999999953e+06
1.141114699999999953e+06
1.137650899999999907e+06
1.134186800000000047e+06
1.130722300000000047e+06
1.127257600000000093e+06
1.123792399999999907e+06
1.120326899999999907e+06
1.116861100000000093e+06
1.113394800000000047e+06
1.109928199999999953e+06
1.106461199999999953e+06
1.102993699999999953e+06
1.099525899999999907e+06
1.096057500000000000e+06
1.092588800000000047e+06
1.089119600000000093e+06
1.085649899999999907e+06
1.082179800000000047e+06
1.078709199999999953e+06
1.075238000000000000e+06
1.071766399999999907e+06
1.068294300000000047e+06
1.064821600000000093e+06
1.061348300000000047e+06
1.057874500000000000e+06
1.054400199999999953e+06
1.050925300000000047e+06
1.047449800000000047e+06
1.043973599999999977e+06
1.040496900000000023e+06
1.037019599999999977e+06
1.033541599999999977e+06
1.030063000000000000e+06
1.026583800000000047e+06
1.023104000000000000e+06
1.019623699999999953e+06
1.016142699999999953e+06
1.012661099999999977e+06
1.009178900000000023e+06
1.005696000000000000e+06
1.002212500000000000e+06
9.987282399999999907e+05
9.952433100000000559e+05
9.917576600000000326e+05
9.882712900000000373e+05
9.847841700000000419e+05
9.812963000000000466e+05
9.778076600000000326e+05
9.743182399999999907e+05
9.708280100000000093e+05
9.673369799999999814e+05
9.638451199999999953e+05
9.603524200000000419e+05
9.568588699999999953e+05
9.533644499999999534e+05
9.498691600000000326e+05
9.463729699999999721e+05
9.428758699999999953e+05
9.393778499999999767e+05
9.358789000000000233e+05
9.323790000000000000e+05
9.288781199999999953e+05
9.253761500000000233e+05
9.218730600000000559e+05
9.183688399999999674e+05
9.148634499999999534e+05
9.113568800000000047e+05
9.078491199999999953e+05
9.043401999999999534e+05
9.008301400000000140e+05
8.973189300000000512e+05
8.938065500000000466e+05
8.902929699999999721e+05
8.867781800000000512e+05
8.832621500000000233e+05
8.797448599999999860e+05
8.762262900000000373e+05
8.727064300000000512e+05
8.691852500000000000e+05
8.656627199999999721e+05
8.621388299999999581e+05
8.586135500000000466e+05
8.550868599999999860e+05
8.515587399999999907e+05
8.480291700000000419e+05
8.444981300000000047e+05
8.409655799999999581e+05
8.374315100000000093e+05
8.338959000000000233e+05
8.303587199999999721e+05
8.268199499999999534e+05
8.232795600000000559e+05
8.197375300000000279e+05
8.161938399999999674e+05
8.126484599999999627e+05
8.091013699999999953e+05
8.055525400000000373e+05
8.020019499999999534e+05
7.984495600000000559e+05
7.948954399999999441e+05
7.913395999999999767e+05
7.877820100000000093e+05
7.842226400000000140e+05
7.806614599999999627e+05
7.770984499999999534e+05
7.735335600000000559e+05
7.699667800000000279e+05
7.663980699999999488e+05
7.628274000000000233e+05
7.592547500000000000e+05
7.556800799999999581e+05
7.521033800000000047e+05
7.485245999999999767e+05
7.449436800000000512e+05
7.413604699999999721e+05
7.377749200000000419e+05
7.341870200000000186e+05
7.305967099999999627e+05
7.270039499999999534e+05
7.234087299999999814e+05
7.198109799999999814e+05
7.162106899999999441e+05
7.126078000000000466e+05
7.090022800000000279e+05
7.053940899999999674e+05
7.017831999999999534e+05
6.981696500000000233e+05
6.945534499999999534e+05
6.909345600000000559e+05
6.873129300000000512e+05
6.836885100000000093e+05
6.800612600000000093e+05
6.764311199999999953e+05
6.727980699999999488e+05
6.691620400000000373e+05
6.655229899999999907e+05
6.618808800000000047e+05
6.582356400000000140e+05
6.545872399999999907e+05
6.509356300000000047e+05
6.472807399999999907e+05
6.436225400000000373e+05
6.399609799999999814e+05
6.362959899999999907e+05
6.326275400000000373e+05
6.289555600000000559e+05
6.252800000000000000e+05
6.216008100000000559e+05
6.179179300000000512e+05
6.142314000000000233e+05
6.105412299999999814e+05
6.068473699999999953e+05
6.031497399999999907e+05
5.994482700000000186e+05
5.957427199999999721e+05
5.920329899999999907e+05
5.883190200000000186e+05
5.846007199999999721e+05
5.808780200000000186e+05
5.771508399999999674e+05
5.734191099999999860e+05
5.696827299999999814e+05
5.659416400000000140e+05
5.621957500000000000e+05
5.584449799999999814e+05
5.546892399999999907e+05
5.509284499999999534e+05
5.471625200000000186e+05
5.433913699999999953e+05
5.396150300000000279e+05
5.358335100000000093e+05
5.320466800000000512e+05
5.282544599999999627e+05
5.244567299999999814e+05
5.206534000000000233e+05
5.168443400000000256e+05
5.130294600000000210e+05
5.092086400000000140e+05
5.053817800000000279e+05
5.015487600000000093e+05
4.977094699999999721e+05
4.938637899999999790e+05
4.900116099999999860e+05
4.861527999999999884e+05
4.822872199999999721e+05
4.784145100000000093e+05
4.745345900000000256e+05
4.706474500000000116e+05
4.667529299999999930e+05
4.628508800000000047e+05
4.589411199999999953e+05
4.550234899999999907e+05
4.510978200000000070e+05
4.471639400000000023e+05
4.432216599999999744e+05
4.392707999999999884e+05
4.353111500000000233e+05
4.313425200000000186e+05
4.273646699999999837e+05
4.233773699999999953e+05
4.193286199999999953e+05
4.151553900000000140e+05
4.109524199999999837e+05
4.067397999999999884e+05
4.025177399999999907e+05
3.982859099999999744e+05
3.940439899999999907e+05
3.897918300000000163e+05
3.855290999999999767e+05
3.812554199999999837e+05
3.769705800000000163e+05
3.726743200000000070e+05
3.683662000000000116e+05
3.640460300000000279e+05
3.597132999999999884e+05
3.553681799999999930e+05
3.510102800000000279e+05
3.466393300000000163e+05
3.422550000000000000e+05
3.378568599999999860e+05
3.334444899999999907e+05
3.290175499999999884e+05
3.245756099999999860e+05
3.201181199999999953e+05
3.156446799999999930e+05
3.111550200000000186e+05
3.066486699999999837e+05
3.021252199999999721e+05
2.975841400000000140e+05
2.930249199999999837e+05
2.884470399999999790e+05
2.838497500000000000e+05
2.792324600000000210e+05
2.745948300000000163e+05
2.699362999999999884e+05
2.652556699999999837e+05
2.605517600000000093e+05
2.558234400000000023e+05
2.510696600000000035e+05
2.462896600000000035e+05
2.414823599999999860e+05
2.366472500000000000e+05
2.317837699999999895e+05
2.268914200000000128e+05
2.219694299999999930e+05
2.170168999999999942e+05
2.120346600000000035e+05
2.070228999999999942e+05
2.019759700000000012e+05
1.968876199999999953e+05
1.917512000000000116e+05
1.865603999999999942e+05
1.813157900000000081e+05
1.760199800000000105e+05
1.706752799999999988e+05
1.652832000000000116e+05
1.598384700000000012e+05
1.543364200000000128e+05
1.487720799999999872e+05
1.431393999999999942e+05
1.374310299999999988e+05
1.316396600000000035e+05
1.257629100000000035e+05
1.197962200000000012e+05
1.137278200000000070e+05
1.075511499999999942e+05
1.012520099999999948e+05
9.480514100000000326e+04
8.819547299999999814e+04
8.140002800000000570e+04
7.439689200000000710e+04
6.714672000000000116e+04
5.959856300000000192e+04
5.164936499999999796e+04
4.313374799999999959e+04
3.383044200000000274e+04
2.338281699999999910e+04
1.068967699999999968e+04
