2.097674600000000014e+23
2.069663699999999834e+23
2.042164699999999948e+23
2.015169899999999862e+23
1.988667799999999860e+23
1.962650899999999866e+23
1.937108099999999994e+23
1.912032199999999957e+23
1.887412500000000033e+23
1.863242000000000018e+23
1.839510500000000062e+23
1.816211400000000125e+23
1.793334700000000103e+23
1.770874200000000122e+23
1.748820299999999909e+23
1.727167000000000007e+23
1.705905099999999972e+23
1.685028700000000053e+23
1.664529200000000055e+23
1.644400799999999932e+23
1.624635199999999948e+23
1.605226999999999886e+23
1.586168000000000052e+23
1.567453100000000019e+23
1.549074499999999921e+23
1.531027200000000042e+23
1.513303800000000012e+23
1.495899500000000029e+23
1.478806999999999933e+23
1.462021899999999919e+23
1.445537100000000077e+23
1.429348199999999931e+23
1.413448699999999985e+23
1.397834199999999933e+23
1.382498500000000068e+23
1.367437399999999996e+23
1.352644700000000011e+23
1.338116600000000054e+23
1.323847099999999995e+23
1.309832499999999986e+23
1.296067100000000022e+23
1.282547299999999957e+23
1.269267600000000039e+23
1.256224499999999997e+23
1.243412800000000031e+23
1.230829100000000082e+23
1.218468399999999929e+23
1.206327499999999930e+23
1.194401500000000074e+23
1.182687200000000047e+23
1.171180100000000005e+23
1.159877100000000009e+23
1.148773799999999920e+23
1.137867200000000010e+23
1.127153100000000056e+23
1.116628700000000074e+23
1.106289699999999968e+23
1.096133699999999921e+23
1.086156599999999917e+23
1.076355800000000059e+23
1.066727499999999951e+23
1.057269299999999944e+23
1.047977500000000022e+23
1.038849700000000031e+23
1.029882299999999995e+23
1.021073100000000014e+23
1.012418599999999983e+23
1.003916700000000043e+23
9.955640799999999292e+22
9.873585999999999672e+22
9.792970499999999721e+22
9.713774699999999400e+22
9.635967299999999879e+22
9.559529300000000023e+22
9.484430699999999191e+22
9.410653200000000564e+22
9.338167700000000180e+22
9.266956699999999204e+22
9.196992199999999495e+22
9.128257500000000200e+22
9.060725300000000783e+22
8.994379599999999672e+22
8.929194299999999178e+22
8.865153799999999233e+22
8.802232999999999207e+22
8.740416899999999617e+22
8.679681299999999866e+22
8.620012000000000131e+22
8.578383999999999476e+22
8.554680000000000472e+22
8.531002500000000665e+22
8.507351600000000433e+22
8.483727299999999774e+22
8.460129399999999613e+22
8.436558100000000705e+22
8.413013299999999315e+22
8.389495099999999178e+22
8.366003299999999538e+22
8.342538099999999472e+22
8.319099400000000282e+22
8.295687200000000288e+22
8.272301499999999492e+22
8.248942299999999571e+22
8.225609600000000524e+22
8.202303400000000675e+22
8.179023700000000023e+22
8.155770399999999869e+22
8.132543699999999289e+22
8.109343499999999584e+22
8.086169700000000377e+22
8.063022400000000367e+22
8.039901599999999554e+22
8.016807199999999240e+22
7.993739299999999800e+22
7.970697899999999558e+22
7.947683000000000190e+22
7.924694499999999643e+22
7.901732499999999971e+22
7.878796900000000796e+22
7.855887800000000819e+22
7.833005099999999662e+22
7.810148899999999381e+22
7.787319099999999597e+22
7.764515700000000311e+22
7.741738800000000223e+22
7.718988399999999332e+22
7.696264300000000239e+22
7.673566700000000344e+22
7.650895599999999646e+22
7.628250800000000747e+22
7.605632499999999368e+22
7.583040600000000164e+22
7.560475099999999780e+22
7.537936100000000272e+22
7.515423400000000046e+22
7.492937199999999856e+22
7.470477400000000164e+22
7.448044000000000131e+22
7.425636999999999758e+22
7.403256399999999882e+22
7.380902199999999666e+22
7.358574399999999948e+22
7.336272999999999889e+22
7.313998000000000328e+22
7.291749399999999587e+22
7.269527200000000184e+22
7.247331399999999600e+22
7.225162000000000354e+22
7.203018900000000390e+22
7.180902299999999623e+22
7.158811999999999816e+22
7.136748200000000046e+22
7.114710700000000396e+22
7.092699600000000406e+22
7.070714799999999699e+22
7.048756499999999866e+22
7.026824500000000154e+22
7.004918900000000102e+22
6.983039699999999708e+22
6.961186800000000275e+22
6.939360400000000039e+22
6.917560200000000387e+22
6.895786499999999931e+22
6.874039099999999597e+22
6.852318099999999761e+22
6.830623499999999584e+22
6.808955200000000367e+22
6.787313299999999971e+22
6.765697800000000072e+22
6.744108600000000295e+22
6.722545800000000177e+22
6.701009300000000180e+22
6.679499199999999843e+22
6.658015500000000003e+22
6.636558100000000285e+22
6.615127100000000226e+22
6.593722400000000288e+22
6.572344100000000010e+22
6.550992200000000229e+22
6.529666599999999731e+22
6.508367399999999731e+22
6.487094499999999853e+22
6.465847999999999633e+22
6.444627800000000374e+22
6.423433999999999934e+22
6.402266599999999993e+22
6.381125500000000174e+22
6.360010699999999636e+22
6.338922399999999974e+22
6.317860300000000056e+22
6.296824700000000174e+22
6.275815400000000413e+22
6.254832399999999934e+22
6.233875799999999954e+22
6.212945599999999633e+22
6.192041700000000272e+22
6.171164100000000193e+22
6.150313000000000151e+22
6.129488200000000229e+22
6.108689699999999590e+22
6.087917600000000288e+22
6.067171899999999807e+22
6.046452500000000285e+22
6.025759499999999584e+22
6.005092799999999843e+22
5.984452600000000138e+22
5.963838600000000177e+22
5.943251100000000252e+22
5.922689899999999610e+22
5.902155100000000305e+22
5.881646600000000282e+22
5.861164499999999918e+22
5.840708800000000052e+22
5.820279499999999846e+22
5.799876499999999761e+22
5.779499900000000174e+22
5.759149700000000246e+22
5.738825899999999977e+22
5.718528399999999830e+22
5.698257399999999718e+22
5.678012699999999728e+22
5.657794400000000236e+22
5.637602400000000026e+22
5.617436899999999853e+22
5.597297800000000177e+22
5.577184999999999784e+22
5.557098700000000265e+22
5.537038700000000029e+22
5.517005100000000292e+22
5.496997999999999751e+22
5.477017200000000170e+22
5.457062899999999787e+22
5.437134900000000364e+22
5.417233400000000138e+22
5.397358200000000033e+22
5.377509499999999964e+22
5.357687200000000393e+22
5.337891400000000020e+22
5.318121899999999767e+22
5.298378900000000390e+22
5.278662299999999833e+22
5.258972099999999774e+22
5.239308399999999751e+22
5.219671100000000226e+22
5.200060299999999898e+22
5.180475900000000069e+22
5.160917899999999898e+22
5.141386399999999764e+22
5.121881300000000128e+22
5.102402699999999689e+22
5.082950600000000125e+22
5.063524900000000220e+22
5.044125700000000351e+22
5.024752999999999679e+22
5.005406700000000344e+22
4.986086900000000206e+22
4.966793600000000105e+22
4.947526800000000039e+22
4.928286500000000010e+22
4.909072700000000016e+22
4.889885400000000059e+22
4.870724600000000138e+22
4.851590199999999875e+22
4.832482400000000026e+22
4.813401199999999751e+22
4.794346399999999974e+22
4.775318199999999771e+22
4.756316499999999604e+22
4.737341300000000311e+22
4.718392699999999754e+22
4.699470600000000072e+22
4.680575099999999964e+22
4.661706099999999892e+22
4.642863700000000233e+22
4.624047900000000147e+22
4.605258600000000098e+22
4.586495899999999623e+22
4.567759800000000400e+22
4.549050299999999912e+22
4.530367399999999836e+22
4.511711100000000174e+22
4.493081299999999708e+22
4.474478200000000033e+22
4.455901800000000308e+22
4.437351899999999780e+22
4.418828700000000043e+22
4.400332099999999879e+22
4.381862100000000128e+22
4.363418800000000328e+22
4.345002199999999640e+22
4.326612200000000203e+22
4.308248899999999879e+22
4.289912300000000344e+22
4.271602399999999921e+22
4.253319099999999912e+22
4.235062600000000229e+22
4.216832700000000121e+22
4.198629600000000341e+22
4.180453199999999672e+22
4.162303499999999794e+22
4.144180499999999866e+22
4.126084300000000265e+22
4.108014900000000154e+22
4.089972199999999993e+22
4.071956199999999784e+22
4.053967100000000279e+22
4.036004699999999885e+22
4.018069099999999820e+22
4.000160399999999620e+22
3.982278400000000210e+22
3.964423200000000288e+22
3.946594900000000233e+22
3.928793399999999666e+22
3.911018799999999803e+22
3.893271000000000269e+22
3.875550099999999761e+22
3.857856000000000419e+22
3.840188800000000105e+22
3.822548600000000033e+22
3.804935200000000288e+22
3.787348700000000410e+22
3.769789199999999934e+22
3.752256500000000206e+22
3.734750799999999882e+22
3.717272099999999800e+22
3.699820300000000003e+22
3.682395599999999987e+22
3.664997699999999879e+22
3.647626899999999971e+22
3.630283099999999885e+22
3.612966300000000043e+22
3.595676500000000023e+22
3.578413800000000203e+22
3.561178100000000206e+22
3.543969400000000033e+22
3.526787900000000016e+22
3.509633399999999823e+22
3.492505999999999830e+22
3.475405700000000036e+22
3.458332599999999980e+22
3.441286600000000125e+22
3.424267700000000049e+22
3.407276000000000131e+22
3.390311399999999993e+22
3.373374099999999971e+22
3.356463900000000147e+22
3.339580900000000062e+22
3.322725200000000092e+22
3.305896699999999859e+22
3.289095400000000203e+22
3.272321399999999823e+22
3.255574699999999977e+22
3.238855299999999826e+22
3.222163200000000210e+22
3.205498399999999869e+22
3.188860900000000062e+22
3.172250799999999908e+22
3.155667999999999869e+22
3.139112699999999859e+22
3.122584699999999964e+22
3.106084100000000141e+22
3.089610999999999928e+22
3.073165300000000206e+22
3.056747000000000138e+22
3.040356300000000056e+22
3.023993000000000046e+22
3.007657200000000066e+22
2.991349000000000072e+22
2.975068300000000108e+22
2.958815100000000174e+22
2.942589499999999807e+22
2.926391599999999803e+22
2.910221199999999830e+22
2.894078399999999843e+22
2.877963299999999800e+22
2.861875900000000121e+22
2.845816100000000010e+22
2.829784099999999800e+22
2.813779699999999997e+22
2.797803100000000095e+22
2.781854300000000095e+22
2.765933200000000039e+22
2.750039999999999843e+22
2.734174500000000010e+22
2.718336900000000036e+22
2.702527099999999964e+22
2.686745200000000170e+22
2.670991300000000193e+22
2.655265200000000118e+22
2.639567099999999859e+22
2.623896899999999879e+22
2.608254700000000134e+22
2.592640500000000206e+22
2.577054400000000052e+22
2.561496300000000134e+22
2.545966200000000033e+22
2.530464300000000082e+22
2.514990499999999905e+22
2.499544799999999921e+22
2.484127300000000088e+22
2.468737999999999987e+22
2.453376900000000036e+22
2.438043999999999816e+22
2.422739400000000125e+22
2.407463100000000121e+22
2.392215099999999807e+22
2.376995400000000020e+22
2.361804099999999879e+22
2.346641199999999803e+22
2.331506699999999794e+22
2.316400699999999807e+22
2.301323099999999885e+22
2.286273999999999987e+22
2.271253500000000069e+22
2.256261500000000174e+22
2.241297999999999882e+22
2.226363199999999948e+22
2.211457099999999951e+22
2.196579599999999934e+22
2.181730799999999856e+22
2.166910700000000134e+22
2.152119399999999889e+22
2.137356899999999957e+22
2.122623199999999921e+22
2.107918400000000157e+22
2.093242399999999869e+22
2.078595399999999810e+22
2.063977300000000023e+22
2.049388200000000046e+22
2.034828099999999879e+22
2.020297099999999898e+22
2.005795100000000147e+22
1.991322300000000121e+22
1.976878599999999862e+22
1.962464100000000167e+22
1.948078900000000154e+22
1.933722899999999866e+22
1.919396200000000098e+22
1.905098800000000013e+22
1.890830799999999987e+22
1.876592200000000020e+22
1.862383100000000069e+22
1.848203499999999925e+22
1.834053300000000049e+22
1.819932799999999895e+22
1.805841899999999925e+22
1.791780599999999928e+22
1.777749000000000072e+22
1.763747099999999938e+22
1.749774999999999902e+22
1.735832699999999964e+22
1.721920300000000082e+22
1.708037800000000046e+22
1.694185200000000066e+22
1.680362700000000056e+22
1.666570200000000059e+22
1.652807700000000075e+22
1.639075400000000020e+22
1.625373300000000102e+22
1.611701399999999902e+22
1.598059800000000007e+22
1.584448599999999954e+22
1.570867699999999997e+22
1.557317200000000092e+22
1.543797199999999987e+22
1.530307800000000059e+22
1.516849000000000098e+22
1.503420800000000105e+22
1.490023200000000079e+22
1.476656500000000102e+22
1.463320500000000049e+22
1.450015400000000046e+22
1.436741300000000049e+22
1.423498100000000102e+22
1.410285999999999908e+22
1.397104899999999931e+22
1.383955000000000085e+22
1.370836399999999908e+22
1.357749000000000072e+22
1.344693000000000072e+22
1.331668399999999908e+22
1.318675200000000000e+22
1.305713700000000010e+22
1.292783700000000023e+22
1.279885399999999954e+22
1.267018899999999971e+22
1.254184200000000072e+22
1.241381300000000049e+22
1.228610499999999984e+22
1.215871699999999918e+22
1.203165000000000020e+22
1.190490500000000036e+22
1.177848199999999967e+22
1.165238299999999938e+22
1.152660799999999948e+22
1.140115899999999912e+22
1.127603500000000082e+22
1.115123799999999954e+22
1.102676899999999905e+22
1.090262799999999934e+22
1.077881600000000000e+22
1.065533500000000016e+22
1.053218499999999984e+22
1.040936700000000069e+22
1.028688200000000020e+22
1.016473000000000046e+22
1.004291400000000020e+22
9.921433899999999033e+21
9.800290600000000360e+21
9.679485300000000311e+21
9.559019000000000557e+21
9.438892699999999623e+21
9.319107700000000311e+21
9.199664899999999721e+21
9.080565500000000279e+21
8.961810700000000213e+21
8.843401500000000147e+21
8.725339300000000115e+21
8.607625300000000442e+21
8.490260499999999656e+21
8.373246400000000262e+21
8.256584299999999820e+21
8.140275300000000377e+21
8.024320999999999574e+21
7.908722500000000508e+21
7.793481500000000147e+21
7.678599199999999869e+21
7.564077100000000082e+21
7.449916700000000147e+21
7.336119700000000180e+21
7.222687699999999918e+21
7.109622399999999476e+21
6.996925800000000098e+21
6.884599599999999803e+21
6.772645700000000508e+21
6.661066100000000311e+21
6.549862800000000459e+21
6.439037699999999721e+21
6.328593000000000098e+21
6.218530800000000066e+21
6.108853299999999525e+21
5.999562700000000475e+21
5.890661300000000049e+21
5.782151499999999951e+21
5.674035699999999787e+21
5.566316399999999541e+21
5.458996100000000246e+21
5.352077499999999492e+21
5.245563199999999738e+21
5.139456000000000000e+21
5.033758900000000049e+21
4.928474699999999951e+21
4.823606399999999476e+21
4.719157300000000049e+21
4.615130399999999869e+21
4.511529200000000066e+21
4.408356999999999967e+21
4.305617499999999885e+21
4.203314199999999902e+21
4.101451000000000033e+21
4.000031799999999771e+21
3.899060600000000033e+21
3.798541800000000098e+21
3.698479500000000213e+21
3.598878500000000115e+21
3.499743299999999984e+21
3.401079000000000164e+21
3.302890600000000098e+21
3.205183500000000213e+21
3.107963199999999738e+21
3.011235500000000082e+21
2.915006599999999967e+21
2.819282800000000066e+21
2.724070799999999934e+21
2.629377499999999885e+21
2.535210399999999869e+21
2.441577100000000213e+21
2.348485800000000098e+21
2.255945200000000066e+21
2.163964299999999951e+21
2.072552899999999984e+21
1.981721499999999885e+21
1.891481000000000098e+21
1.801843399999999967e+21
1.712821399999999902e+21
1.624428499999999918e+21
1.536679400000000098e+21
1.449590099999999918e+21
1.363177700000000115e+21
1.277461300000000049e+21
1.192461500000000016e+21
1.108201200000000066e+21
1.024705799999999967e+21
9.420037600000000655e+20
8.601271399999999836e+20
7.791124400000000328e+20
6.990018100000000573e+20
6.198445799999999836e+20
5.416994200000000164e+20
4.646375600000000328e+20
3.887477400000000164e+20
3.141446899999999918e+20
2.409850400000000000e+20
1.695014300000000082e+20
1.000902400000000000e+20
3.245921100000000000e+19
