3.254546163012999892e+08
3.260934772362999916e+08
3.267276551662999988e+08
3.273571415913000107e+08
3.279819534812999964e+08
3.286020858063000441e+08
3.292175583313000202e+08
3.298283664763000011e+08
3.304345299363000393e+08
3.310360445313000083e+08
3.316329299613000154e+08
3.322251825263000131e+08
3.328128219912999868e+08
3.333958451363000274e+08
3.339742718213000298e+08
3.345480993413000107e+08
3.351173476913000345e+08
3.356820146763000488e+08
3.362421204613000154e+08
3.367976633862999678e+08
3.373486638213000298e+08
3.378951206963000298e+08
3.384370546312999725e+08
3.389744650763000250e+08
3.395073728562999964e+08
3.400357779763000011e+08
3.405597015413000584e+08
3.410791441313000917e+08
3.415941271563000679e+08
3.421046517813000679e+08
3.426107397413000464e+08
3.431123927913000584e+08
3.436096330062999725e+08
3.441024627412999868e+08
3.445909044462999701e+08
3.450749610662999153e+08
3.455546554212999344e+08
3.460299910862998962e+08
3.465009913062999249e+08
3.469676602562999725e+08
3.474300215562999249e+08
3.478880799512999654e+08
3.483418594713000059e+08
3.487913654663000107e+08
3.492366223912999630e+08
3.496776361913000345e+08
3.501144317612999678e+08
3.505470156412999630e+08
3.509754131563000083e+08
3.513996314463000298e+08
3.518196962913000584e+08
3.522356153963000178e+08
3.526474149912999868e+08
3.530551033712999821e+08
3.534587072013000250e+08
3.538582353413000107e+08
3.542537147713000774e+08
3.546451542413000464e+08
3.550325806563000679e+08
3.554160033863000274e+08
3.557954498013000488e+08
3.561709298562999964e+08
3.565424714013000727e+08
3.569100849813000560e+08
3.572737989113000631e+08
3.576336243113000393e+08
3.579895899563000798e+08
3.583417075263000727e+08
3.586900062463001013e+08
3.590344983313000798e+08
3.593752134313000441e+08
3.597121642763000727e+08
3.600453809463000298e+08
3.603748766763000488e+08
3.607006819463000298e+08
3.610228104613000751e+08
3.613412981063001156e+08
3.616561695063000917e+08
3.619674611513000727e+08
3.622751886563001275e+08
3.625793847913001776e+08
3.628800673563001156e+08
3.631772718913001418e+08
3.634710210313001871e+08
3.637613588763001561e+08
3.640483261813001633e+08
3.643320030663001537e+08
3.646125319563001394e+08
3.648131957613001466e+08
3.649335998063001633e+08
3.650541408663001060e+08
3.651748193663001060e+08
3.652956357363001108e+08
3.654165904063001871e+08
3.655376838113001585e+08
3.656589163863001466e+08
3.657802885713001490e+08
3.659018008063001633e+08
3.660234535363001823e+08
3.661452472063001394e+08
3.662671822663001418e+08
3.663892591713001728e+08
3.665114783713001013e+08
3.666338403213001490e+08
3.667563454813001156e+08
3.668789943163001537e+08
3.670017872913001776e+08
3.671247248713001609e+08
3.672478075263001919e+08
3.673710357313001752e+08
3.674944099613001943e+08
3.676179306913002133e+08
3.677415984013001919e+08
3.678654135763002038e+08
3.679893767063001990e+08
3.681134882813001871e+08
3.682377487913002372e+08
3.683621587263002396e+08
3.684867185863002539e+08
3.686114288713002205e+08
3.687362900813002586e+08
3.688613027263002396e+08
3.689864673113002777e+08
3.691117843463002443e+08
3.692372543513002396e+08
3.693628778413002491e+08
3.694886553363002539e+08
3.696145873613002300e+08
3.697406744363002777e+08
3.698669170913002491e+08
3.699933158613002300e+08
3.701198712813002467e+08
3.702465838913002014e+08
3.703734542313002348e+08
3.705004828413001895e+08
3.706276702713001966e+08
3.707550170713002086e+08
3.708825237963001728e+08
3.710101910063002110e+08
3.711380192613002062e+08
3.712660091313002110e+08
3.713941611913001537e+08
3.715224760113002062e+08
3.716509541663001776e+08
3.717795962363002300e+08
3.719084028063002229e+08
3.720373744663002491e+08
3.721665118013002872e+08
3.722958154063002467e+08
3.724252858763002157e+08
3.725549238113002777e+08
3.726847298213002682e+08
3.728147045113002062e+08
3.729448484913002253e+08
3.730751623813002110e+08
3.732056467963001728e+08
3.733363023563002348e+08
3.734671296913002133e+08
3.735981294313002229e+08
3.737293022063002586e+08
3.738606486513001919e+08
3.739921694113001823e+08
3.741238651263002157e+08
3.742557364413002133e+08
3.743877840063002110e+08
3.745200084713002443e+08
3.746524104913002253e+08
3.747849907263001800e+08
3.749177498463001847e+08
3.750506885163002014e+08
3.751838074063001871e+08
3.753171071963002682e+08
3.754505885663002729e+08
3.755842522013002634e+08
3.757180987913002372e+08
3.758521290263002515e+08
3.759863436063002348e+08
3.761207432363002300e+08
3.762553286163002253e+08
3.763901004563002586e+08
3.765250594763002396e+08
3.766602063963003159e+08
3.767955419413002729e+08
3.769310668363003135e+08
3.770667818163002729e+08
3.772026876213002801e+08
3.773387849913002253e+08
3.774750746713002324e+08
3.776115574163002372e+08
3.777482339863002300e+08
3.778851051363002658e+08
3.780221716363002658e+08
3.781594342563002706e+08
3.782968937713003159e+08
3.784345509663003087e+08
3.785724066263003349e+08
3.787104615413002968e+08
3.788487165063003302e+08
3.789871723263002634e+08
3.791258298063002825e+08
3.792646897563002706e+08
3.794037529963002205e+08
3.795430203463002443e+08
3.796824926363002658e+08
3.798221707013002634e+08
3.799620553763003349e+08
3.801021475013003349e+08
3.802424479263002872e+08
3.803829575113003254e+08
3.805236771163003445e+08
3.806646076063002944e+08
3.808057498513002396e+08
3.809471047313002348e+08
3.810886731313002706e+08
3.812304559363002777e+08
3.813724540413002968e+08
3.815146683463003039e+08
3.816570997613003254e+08
3.817997492013002634e+08
3.819426175813002586e+08
3.820857058263002634e+08
3.822290148663003445e+08
3.823725456363003254e+08
3.825162990763003230e+08
3.826602761263003349e+08
3.828044777413002849e+08
3.829489048813002706e+08
3.830935585113002658e+08
3.832384396013002396e+08
3.833835491263002753e+08
3.835288880763002634e+08
3.836744574463002682e+08
3.838202582313002944e+08
3.839662914363002777e+08
3.841125580763003230e+08
3.842590591713002920e+08
3.844057957513003349e+08
3.845527688513002992e+08
3.846999795113003254e+08
3.848474287813003063e+08
3.849951177213002443e+08
3.851430473963003159e+08
3.852912188863003254e+08
3.854396332763003111e+08
3.855882916613003016e+08
3.857371951513003111e+08
3.858863448563003540e+08
3.860357418913003206e+08
3.861853873863003254e+08
3.863352824763003588e+08
3.864854283063003421e+08
3.866358260313003063e+08
3.867864768113003373e+08
3.869373818213003874e+08
3.870885422363003492e+08
3.872399592413004041e+08
3.873916340413004160e+08
3.875435678413004279e+08
3.876957618513004780e+08
3.878482172963004708e+08
3.880009354113004804e+08
3.881539174363005161e+08
3.883071646263004541e+08
3.884606782463004589e+08
3.886144595613004565e+08
3.887685098513004780e+08
3.889228304113004804e+08
3.890774225463004708e+08
3.892322875663005114e+08
3.893874267913005352e+08
3.895428415513005257e+08
3.896985331913005114e+08
3.898545030663005114e+08
3.900107525313005447e+08
3.901672829563005567e+08
3.903240957213005424e+08
3.904811922163004875e+08
3.906385738413004875e+08
3.907962420013005137e+08
3.909541981163004637e+08
3.911124436213004589e+08
3.912709799663004875e+08
3.914298086063004732e+08
3.915889310063004494e+08
3.917483486513004303e+08
3.919080630313004255e+08
3.920680756513004303e+08
3.922283880313004255e+08
3.923890017013003826e+08
3.925499182063003778e+08
3.927111391013004184e+08
3.928726659513004422e+08
3.930345003413004875e+08
3.931966438713004589e+08
3.933590981463004351e+08
3.935218647863004804e+08
3.936849454263005257e+08
3.938483417163004875e+08
3.940120553263005018e+08
3.941760879313004613e+08
3.943404412213004827e+08
3.945051169063004255e+08
3.946701167063004971e+08
3.948354423563004732e+08
3.950010956063004732e+08
3.951670782263004780e+08
3.953333919963004589e+08
3.955000387113004923e+08
3.956670201863005161e+08
3.958343382463004589e+08
3.960019947363004684e+08
3.961699915213004947e+08
3.963383304763004780e+08
3.965070134913004637e+08
3.966760424763004780e+08
3.968454193563004732e+08
3.970151460763004422e+08
3.971852246013004780e+08
3.973556569063004255e+08
3.975264449913004637e+08
3.976975908713004589e+08
3.978690965663004518e+08
3.980409641163004637e+08
3.982131955813004971e+08
3.983857930513004661e+08
3.985587586363004446e+08
3.987320944663004875e+08
3.989058026963005066e+08
3.990798855013005137e+08
3.992543450763005018e+08
3.994291836363005042e+08
3.996044034163005352e+08
3.997800066713005304e+08
3.999559956813005209e+08
4.001323727513004541e+08
4.003091402063004971e+08
4.004863003913004994e+08
4.006638556763005257e+08
4.008418084513005018e+08
4.010201611313005090e+08
4.011989161613005400e+08
4.013780760063005090e+08
4.015576431563005447e+08
4.017376201213005185e+08
4.019180094413005114e+08
4.020988136863005161e+08
4.022800354413005114e+08
4.024616773213005662e+08
4.026437419713006020e+08
4.028262320613005757e+08
4.030091502863005996e+08
4.031924993763005733e+08
4.033762820863006115e+08
4.035605011913005710e+08
4.037451595063005686e+08
4.039302598713005781e+08
4.041158051563006043e+08
4.043017982613006234e+08
4.044882421113005877e+08
4.046751396713006496e+08
4.048624939363006353e+08
4.050503079213006496e+08
4.052385846663006544e+08
4.054273272413006425e+08
4.056165387513006330e+08
4.058062223413006067e+08
4.059963811863006353e+08
4.061870184963006377e+08
4.063781375163006783e+08
4.065697415263006687e+08
4.067618338463006020e+08
4.069544178363006115e+08
4.071474968863006830e+08
4.073410744263006449e+08
4.075351539313006401e+08
4.077297389063006639e+08
4.079248329013006091e+08
4.081204395063005686e+08
4.083165623513005972e+08
4.085132051113005877e+08
4.087103715013005733e+08
4.089080652763005495e+08
4.091062902363005877e+08
4.093050502263005972e+08
4.095043491363006234e+08
4.097041909013006687e+08
4.099045795013006330e+08
4.101055189663006067e+08
4.103070133713006377e+08
4.105090668413006067e+08
4.107116835663006306e+08
4.109148677963006496e+08
4.111186238363006711e+08
4.113229560463006496e+08
4.115278688363006115e+08
4.117333666713006496e+08
4.119394540713006258e+08
4.121461355963006616e+08
4.123534158613007069e+08
4.125612995413006544e+08
4.127697913663007021e+08
4.129788961313006878e+08
4.131886186913006306e+08
4.133989639663006663e+08
4.136099369413006306e+08
4.138215426613006592e+08
4.140337862363007069e+08
4.142466728513007164e+08
4.144602077563006878e+08
4.146743962713006735e+08
4.148892437863007188e+08
4.151047557613006830e+08
4.153209377363007069e+08
4.155377953263007402e+08
4.157553342213007212e+08
4.159735601863007545e+08
4.161924790663007498e+08
4.164120967913007140e+08
4.166324193713006973e+08
4.168534529013006687e+08
4.170752035613006949e+08
4.172976776163007021e+08
4.175208814213006496e+08
4.177448214263006449e+08
4.179695041713006496e+08
4.181949362863006592e+08
4.184211245063006878e+08
4.186480756463006735e+08
4.188757966063007116e+08
4.191042943813006878e+08
4.193335760663007498e+08
4.195636488713006973e+08
4.197945201113007069e+08
4.200261972113007307e+08
4.202586877113007307e+08
4.204919992663007379e+08
4.207261396413007379e+08
4.209611167263007164e+08
4.211969385363007784e+08
4.214336132063007355e+08
4.216711489963006973e+08
4.219095543063007593e+08
4.221488376963007450e+08
4.223890078763006926e+08
4.226300737063006759e+08
4.228720441863006353e+08
4.231149284663006663e+08
4.233587358513006568e+08
4.236034757913006544e+08
4.238491579013006687e+08
4.240957919563006759e+08
4.243433878963006735e+08
4.245919558313006759e+08
4.248415060463006496e+08
4.250920489863007069e+08
4.253435952463006973e+08
4.255961556063006520e+08
4.258497410363006592e+08
4.261043626963006258e+08
4.263600319463006258e+08
4.266167603513006568e+08
4.268745596863006353e+08
4.271334419463006258e+08
4.273934193413006067e+08
4.276545043013006449e+08
4.279167094913006425e+08
4.281800478163006306e+08
4.284445324263006449e+08
4.287101767113006115e+08
4.289769943213006258e+08
4.292449991713006496e+08
4.295142054413006306e+08
4.297846275863006711e+08
4.300562803463007212e+08
4.303291787563006878e+08
4.306033381413006783e+08
4.308787741363006830e+08
4.311555026763006449e+08
4.314335399763006568e+08
4.317129025713006258e+08
4.319936073413006663e+08
4.322756715163006783e+08
4.325591127313007116e+08
4.328439490513006449e+08
4.331301989363006353e+08
4.334178812413006425e+08
4.337070152413006425e+08
4.339976206363006830e+08
4.342897175613006353e+08
4.345833266113005877e+08
4.348784688463006020e+08
4.351751658013005853e+08
4.354734395113005638e+08
4.357733125263006091e+08
4.360748079213006496e+08
4.363779493163006306e+08
4.366827608963006735e+08
4.369892673813006878e+08
4.372974940363006592e+08
4.376074667213006616e+08
4.379192119313006401e+08
4.382327568363006711e+08
4.385481292863006592e+08
4.388653578413006067e+08
4.391844718013006449e+08
4.395055012163006067e+08
4.398284769213006496e+08
4.401534305763006210e+08
4.404803946763006449e+08
4.408094025863006115e+08
4.411404885863006115e+08
4.414736878913006186e+08
4.418090366963006258e+08
4.421465723063006401e+08
4.424863331463006735e+08
4.428283586763006449e+08
4.431726894713006616e+08
4.435193673013006449e+08
4.438684351863006353e+08
4.442199374563006163e+08
4.445739197963006496e+08
4.449304293063006401e+08
4.452895145663006902e+08
4.456512256963007450e+08
4.460156144313007593e+08
4.463827341963007450e+08
4.467526401913007498e+08
4.471253894813007116e+08
4.475010643313007355e+08
4.478798022513006926e+08
4.482617314163007140e+08
4.486469317963007092e+08
4.490354765863007307e+08
4.494274414963006973e+08
4.498229051313006878e+08
4.502219490563006401e+08
4.506246579513006210e+08
4.510311198713006377e+08
4.514414263713006377e+08
4.518556726313006282e+08
4.522739577563006282e+08
4.526963849613006115e+08
4.531230618363006115e+08
4.535541003713006377e+08
4.539896171263006330e+08
4.544297337463006377e+08
4.548745772413006425e+08
4.553242804013006687e+08
4.557789821963006258e+08
4.562388280963006020e+08
4.567039704813005924e+08
4.571745692263005972e+08
4.576507921763005853e+08
4.581328154563005567e+08
4.586208240613005161e+08
4.591150125663005114e+08
4.596155858513005376e+08
4.601227599213005304e+08
4.606367626763005257e+08
4.611578350113005638e+08
4.616862318913005590e+08
4.622222230013005137e+08
4.627660938813005090e+08
4.633181480813004971e+08
4.638787093063005209e+08
4.644481230963006020e+08
4.650267585963006020e+08
4.656150102513005733e+08
4.662133001563005447e+08
4.668220803313005567e+08
4.674418349063005447e+08
4.680730831813005209e+08
4.687163834113005400e+08
4.693723373863005638e+08
4.700415924813005924e+08
4.707248447313005924e+08
4.714228551963005066e+08
4.721364691763005257e+08
4.728666295163005590e+08
4.736143905013005733e+08
4.743809187513005733e+08
4.751674898963005543e+08
4.759754991963005066e+08
4.768064802813004851e+08
4.776621450963004827e+08
4.785444291713005304e+08
4.794555298513004780e+08
4.803979585763005018e+08
4.813746099763004780e+08
4.823888453113005161e+08
4.834445732113004923e+08
4.845463623613005280e+08
4.856996457613005638e+08
4.869109554113005400e+08
4.881882516113005280e+08
4.895414933113005161e+08
4.909833322113004923e+08
4.925301322613005638e+08
4.942036097113005519e+08
4.960336350113005638e+08
4.980632618113005757e+08
5.003590361613005996e+08
5.030345636613005996e+08
5.063114250113005638e+08
5.107337065113005638e+08
5.190422573613005877e+08
