8.324300900000000000e+07
8.323777800000000000e+07
8.323274000000000000e+07
8.322792300000000000e+07
8.322310500000000000e+07
8.321931700000000000e+07
8.321659900000000000e+07
8.321433700000000000e+07
8.321217200000000000e+07
8.321019500000000000e+07
8.320825500000000000e+07
8.320659000000000000e+07
8.320498000000000000e+07
8.320359000000000000e+07
8.320225300000000000e+07
8.320134000000000000e+07
8.320037700000000000e+07
8.319981800000000000e+07
8.319932800000000000e+07
8.319915800000000000e+07
8.319972800000000000e+07
8.320150800000000000e+07
8.320394200000000000e+07
8.320674600000000000e+07
8.320967500000000000e+07
8.321303700000000000e+07
8.321642500000000000e+07
8.322019000000000000e+07
8.322420300000000000e+07
8.322857900000000000e+07
8.323311400000000000e+07
8.323803700000000000e+07
8.324316500000000000e+07
8.324875700000000000e+07
8.325474700000000000e+07
8.326084400000000000e+07
8.326750300000000000e+07
8.327510900000000000e+07
8.328388300000000000e+07
8.329337000000000000e+07
8.330340100000000000e+07
8.331373300000000000e+07
8.332453200000000000e+07
8.333580100000000000e+07
8.334743000000000000e+07
8.335935100000000000e+07
8.337198400000000000e+07
8.338491400000000000e+07
8.339829800000000000e+07
8.341228300000000000e+07
8.342682800000000000e+07
8.344169000000000000e+07
8.345736500000000000e+07
8.347338300000000000e+07
8.349004100000000000e+07
8.350740400000000000e+07
8.352566600000000000e+07
8.354529800000000000e+07
8.356586900000000000e+07
8.358764000000000000e+07
8.360981000000000000e+07
8.363297500000000000e+07
8.365658600000000000e+07
8.368107700000000000e+07
8.370637500000000000e+07
8.373241400000000000e+07
8.375927700000000000e+07
8.378712000000000000e+07
8.381584200000000000e+07
8.384549800000000000e+07
8.387612500000000000e+07
8.390776400000000000e+07
8.394065000000000000e+07
8.397462300000000000e+07
8.400989200000000000e+07
8.404634800000000000e+07
8.428888200000000000e+07
8.475164000000000000e+07
8.523147800000000000e+07
8.574180000000000000e+07
8.630157500000000000e+07
8.693430600000000000e+07
8.768326600000000000e+07
8.862545800000000000e+07
8.992943400000000000e+07
9.192302900000000000e+07
9.531647500000000000e+07
1.024682300000000000e+08
2.022065400000000000e+08
2.019875600000000000e+08
2.017681600000000000e+08
2.015483900000000000e+08
2.013282900000000000e+08
2.011078700000000000e+08
2.008871500000000000e+08
2.006661400000000000e+08
2.004448500000000000e+08
2.002233000000000000e+08
2.000014800000000000e+08
1.997794200000000000e+08
1.995571000000000000e+08
1.993345400000000000e+08
1.991117400000000000e+08
1.988887000000000000e+08
1.986654400000000000e+08
1.984419500000000000e+08
1.982182300000000000e+08
1.979943000000000000e+08
1.977701500000000000e+08
1.975457800000000000e+08
1.973212000000000000e+08
1.970964200000000000e+08
1.968714300000000000e+08
1.966462300000000000e+08
1.964208300000000000e+08
1.961952300000000000e+08
1.959694300000000000e+08
1.957434400000000000e+08
1.955172500000000000e+08
1.952908600000000000e+08
1.950642900000000000e+08
1.948375200000000000e+08
1.946105600000000000e+08
1.943834200000000000e+08
1.941560900000000000e+08
1.939285800000000000e+08
1.937008800000000000e+08
1.934730000000000000e+08
1.932449300000000000e+08
1.930166900000000000e+08
1.927882600000000000e+08
1.925596600000000000e+08
1.923308700000000000e+08
1.921019100000000000e+08
1.918727700000000000e+08
1.916434600000000000e+08
1.914139600000000000e+08
1.911842900000000000e+08
1.909544200000000000e+08
1.907243600000000000e+08
1.904941000000000000e+08
1.902636600000000000e+08
1.900330100000000000e+08
1.898021800000000000e+08
1.895711600000000000e+08
1.893399400000000000e+08
1.891085300000000000e+08
1.888769300000000000e+08
1.886451400000000000e+08
1.884131600000000000e+08
1.881809900000000000e+08
1.879486300000000000e+08
1.877160800000000000e+08
1.874833400000000000e+08
1.872504100000000000e+08
1.870172900000000000e+08
1.867839800000000000e+08
1.865504900000000000e+08
1.863168000000000000e+08
1.860829300000000000e+08
1.858488600000000000e+08
1.856146100000000000e+08
1.853801800000000000e+08
1.851455500000000000e+08
1.849107500000000000e+08
1.846757500000000000e+08
1.844405800000000000e+08
1.842052100000000000e+08
1.839696600000000000e+08
1.837339300000000000e+08
1.834980100000000000e+08
1.832619000000000000e+08
1.830256000000000000e+08
1.827891200000000000e+08
1.825524600000000000e+08
1.823156000000000000e+08
1.820785600000000000e+08
1.818413300000000000e+08
1.816039200000000000e+08
1.813663100000000000e+08
1.811285200000000000e+08
1.808905400000000000e+08
1.806523700000000000e+08
1.804140100000000000e+08
1.801754600000000000e+08
1.799367200000000000e+08
1.796978000000000000e+08
1.794586800000000000e+08
1.792193700000000000e+08
1.789798700000000000e+08
1.787401800000000000e+08
1.785003000000000000e+08
1.782602300000000000e+08
1.780199600000000000e+08
1.777795100000000000e+08
1.775388600000000000e+08
1.772980100000000000e+08
1.770569800000000000e+08
1.768157400000000000e+08
1.765743200000000000e+08
1.763327000000000000e+08
1.760908900000000000e+08
1.758488800000000000e+08
1.756066700000000000e+08
1.753642700000000000e+08
1.751216800000000000e+08
1.748788800000000000e+08
1.746358900000000000e+08
1.743927100000000000e+08
1.741493200000000000e+08
1.739057400000000000e+08
1.736619600000000000e+08
1.734179800000000000e+08
1.731738000000000000e+08
1.729294300000000000e+08
1.726848500000000000e+08
1.724400700000000000e+08
1.721951000000000000e+08
1.719499200000000000e+08
1.717045400000000000e+08
1.714589600000000000e+08
1.712131800000000000e+08
1.709672000000000000e+08
1.707210200000000000e+08
1.704746400000000000e+08
1.702280600000000000e+08
1.699812800000000000e+08
1.697343000000000000e+08
1.694871100000000000e+08
1.692397200000000000e+08
1.689921300000000000e+08
1.687443300000000000e+08
1.684963300000000000e+08
1.682481200000000000e+08
1.679997100000000000e+08
1.677510800000000000e+08
1.675022500000000000e+08
1.672532100000000000e+08
1.670039600000000000e+08
1.667544900000000000e+08
1.665048200000000000e+08
1.662549100000000000e+08
1.660047700000000000e+08
1.657543800000000000e+08
1.655037600000000000e+08
1.652528900000000000e+08
1.650017800000000000e+08
1.647504200000000000e+08
1.644988200000000000e+08
1.642469700000000000e+08
1.639948700000000000e+08
1.637425300000000000e+08
1.634899400000000000e+08
1.632370900000000000e+08
1.629840000000000000e+08
1.627306500000000000e+08
1.624770500000000000e+08
1.622232000000000000e+08
1.619690900000000000e+08
1.617147300000000000e+08
1.614601100000000000e+08
1.612052300000000000e+08
1.609501000000000000e+08
1.606947000000000000e+08
1.604390400000000000e+08
1.601831200000000000e+08
1.599269400000000000e+08
1.596705000000000000e+08
1.594137900000000000e+08
1.591568100000000000e+08
1.588995700000000000e+08
1.586420600000000000e+08
1.583842800000000000e+08
1.581262300000000000e+08
1.578679200000000000e+08
1.576093300000000000e+08
1.573504800000000000e+08
1.570913700000000000e+08
1.568319800000000000e+08
1.565723100000000000e+08
1.563123800000000000e+08
1.560521700000000000e+08
1.557916800000000000e+08
1.555309200000000000e+08
1.552698800000000000e+08
1.550085600000000000e+08
1.547469600000000000e+08
1.544850700000000000e+08
1.542229100000000000e+08
1.539604600000000000e+08
1.536977200000000000e+08
1.534347000000000000e+08
1.531713900000000000e+08
1.529077800000000000e+08
1.526438900000000000e+08
1.523797100000000000e+08
1.521152300000000000e+08
1.518504600000000000e+08
1.515854000000000000e+08
1.513200400000000000e+08
1.510543800000000000e+08
1.507884200000000000e+08
1.505221600000000000e+08
1.502556000000000000e+08
1.499887400000000000e+08
1.497215800000000000e+08
1.494541100000000000e+08
1.491863400000000000e+08
1.489182600000000000e+08
1.486498800000000000e+08
1.483811800000000000e+08
1.481121800000000000e+08
1.478428600000000000e+08
1.475732300000000000e+08
1.473032900000000000e+08
1.470330400000000000e+08
1.467624700000000000e+08
1.464915800000000000e+08
1.462203700000000000e+08
1.459488500000000000e+08
1.456770000000000000e+08
1.454048400000000000e+08
1.451323600000000000e+08
1.448595500000000000e+08
1.445864000000000000e+08
1.443128900000000000e+08
1.440390200000000000e+08
1.437647800000000000e+08
1.434901800000000000e+08
1.432152100000000000e+08
1.429398700000000000e+08
1.426641500000000000e+08
1.423880600000000000e+08
1.421116000000000000e+08
1.418347600000000000e+08
1.415575400000000000e+08
1.412799300000000000e+08
1.410019400000000000e+08
1.407235700000000000e+08
1.404448100000000000e+08
1.401656500000000000e+08
1.398861100000000000e+08
1.396061700000000000e+08
1.393258300000000000e+08
1.390451000000000000e+08
1.387639600000000000e+08
1.384824300000000000e+08
1.382004800000000000e+08
1.379181300000000000e+08
1.376353700000000000e+08
1.373522000000000000e+08
1.370686200000000000e+08
1.367846200000000000e+08
1.365002000000000000e+08
1.362153600000000000e+08
1.359301000000000000e+08
1.356444100000000000e+08
1.353583000000000000e+08
1.350717500000000000e+08
1.347847800000000000e+08
1.344973700000000000e+08
1.342095300000000000e+08
1.339212700000000000e+08
1.336325600000000000e+08
1.333434200000000000e+08
1.330538500000000000e+08
1.327638200000000000e+08
1.324733600000000000e+08
1.321824400000000000e+08
1.318910800000000000e+08
1.315992600000000000e+08
1.313069900000000000e+08
1.310142600000000000e+08
1.307210600000000000e+08
1.304274100000000000e+08
1.301332800000000000e+08
1.298386900000000000e+08
1.295436300000000000e+08
1.292481000000000000e+08
1.289520900000000000e+08
1.286556000000000000e+08
1.283586300000000000e+08
1.280611700000000000e+08
1.277632300000000000e+08
1.274648100000000000e+08
1.271658900000000000e+08
1.268664700000000000e+08
1.265665700000000000e+08
1.262661600000000000e+08
1.259652400000000000e+08
1.256637800000000000e+08
1.253617600000000000e+08
1.250591900000000000e+08
1.247560400000000000e+08
1.244523300000000000e+08
1.241480500000000000e+08
1.238431900000000000e+08
1.235377700000000000e+08
1.232317600000000000e+08
1.229251800000000000e+08
1.226180100000000000e+08
1.223102500000000000e+08
1.220019000000000000e+08
1.216929500000000000e+08
1.213834000000000000e+08
1.210732500000000000e+08
1.207624800000000000e+08
1.204511100000000000e+08
1.201391100000000000e+08
1.198264900000000000e+08
1.195132400000000000e+08
1.191993600000000000e+08
1.188848500000000000e+08
1.185696900000000000e+08
1.182538800000000000e+08
1.179374300000000000e+08
1.176203200000000000e+08
1.173025500000000000e+08
1.169841200000000000e+08
1.166650200000000000e+08
1.163452400000000000e+08
1.160247800000000000e+08
1.157036400000000000e+08
1.153818100000000000e+08
1.150592900000000000e+08
1.147360600000000000e+08
1.144121400000000000e+08
1.140875000000000000e+08
1.137621700000000000e+08
1.134361200000000000e+08
1.131093600000000000e+08
1.127818700000000000e+08
1.124536600000000000e+08
1.121247200000000000e+08
1.117950300000000000e+08
1.114646000000000000e+08
1.111334200000000000e+08
1.108014900000000000e+08
1.104687900000000000e+08
1.101353300000000000e+08
1.098011000000000000e+08
1.094660600000000000e+08
1.091301900000000000e+08
1.087934600000000000e+08
1.084558600000000000e+08
1.081174000000000000e+08
1.077780600000000000e+08
1.074378200000000000e+08
1.070967000000000000e+08
1.067546600000000000e+08
1.064117200000000000e+08
1.060678600000000000e+08
1.057230700000000000e+08
1.053773400000000000e+08
1.050306700000000000e+08
1.046830600000000000e+08
1.043345100000000000e+08
1.039849900000000000e+08
1.036345000000000000e+08
1.032830300000000000e+08
1.029305700000000000e+08
1.025771200000000000e+08
1.022226600000000000e+08
1.018671800000000000e+08
1.015106700000000000e+08
1.011531200000000000e+08
1.007945300000000000e+08
1.004348800000000000e+08
1.000741600000000000e+08
9.971235600000000000e+07
9.934946600000000000e+07
9.898547400000000000e+07
9.862037100000000000e+07
9.825414500000000000e+07
9.788678500000000000e+07
9.751828000000000000e+07
9.714861800000000000e+07
9.677779500000000000e+07
9.640580900000000000e+07
9.603264500000000000e+07
9.565829200000000000e+07
9.528271700000000000e+07
9.490586400000000000e+07
9.452769800000000000e+07
9.414820300000000000e+07
9.376736100000000000e+07
9.338515800000000000e+07
9.300157600000000000e+07
9.261659700000000000e+07
9.223020600000000000e+07
9.184238500000000000e+07
9.145311600000000000e+07
9.106238200000000000e+07
9.067016300000000000e+07
9.027644300000000000e+07
8.988120300000000000e+07
8.948442500000000000e+07
8.908610200000000000e+07
8.868622300000000000e+07
8.828476800000000000e+07
8.788171500000000000e+07
8.747704400000000000e+07
8.707073300000000000e+07
8.666276100000000000e+07
8.625310500000000000e+07
8.584174400000000000e+07
8.542865500000000000e+07
8.501381700000000000e+07
8.459720800000000000e+07
8.417880300000000000e+07
8.375858000000000000e+07
8.333651600000000000e+07
8.291256400000000000e+07
8.248664400000000000e+07
8.205870600000000000e+07
8.162873400000000000e+07
8.119669900000000000e+07
8.076257200000000000e+07
8.032632300000000000e+07
7.988792200000000000e+07
7.944734200000000000e+07
7.900455200000000000e+07
7.855952800000000000e+07
7.811224400000000000e+07
7.766268200000000000e+07
7.721082600000000000e+07
7.675668100000000000e+07
7.630028800000000000e+07
7.584157300000000000e+07
7.573682000000000000e+07
7.567474800000000000e+07
7.561220200000000000e+07
7.554819800000000000e+07
7.548282900000000000e+07
7.541618300000000000e+07
7.534799500000000000e+07
7.527832400000000000e+07
7.520731600000000000e+07
7.513476100000000000e+07
7.506054100000000000e+07
7.498491100000000000e+07
7.490827900000000000e+07
7.483116200000000000e+07
7.475244000000000000e+07
7.467209900000000000e+07
7.458988900000000000e+07
7.450563500000000000e+07
7.441932300000000000e+07
7.433089200000000000e+07
7.424004000000000000e+07
7.414663300000000000e+07
7.405134000000000000e+07
7.395429900000000000e+07
7.385498300000000000e+07
7.375318900000000000e+07
7.364850500000000000e+07
7.354071000000000000e+07
7.342941600000000000e+07
7.331407200000000000e+07
7.319489900000000000e+07
7.307253600000000000e+07
7.294559900000000000e+07
7.281318500000000000e+07
7.267584300000000000e+07
7.253429600000000000e+07
7.238912400000000000e+07
7.224073800000000000e+07
7.208841900000000000e+07
7.193283900000000000e+07
7.177343200000000000e+07
7.160948600000000000e+07
7.143981200000000000e+07
7.126354300000000000e+07
7.108516000000000000e+07
7.090018800000000000e+07
7.069402500000000000e+07
7.046592200000000000e+07
7.021616900000000000e+07
6.994814300000000000e+07
6.967929300000000000e+07
6.941267000000000000e+07
6.914413500000000000e+07
6.886782700000000000e+07
6.856914300000000000e+07
6.824745700000000000e+07
6.790035000000000000e+07
6.752197800000000000e+07
6.710715200000000000e+07
6.665682700000000000e+07
6.618228200000000000e+07
6.568220300000000000e+07
6.513748900000000000e+07
6.454523100000000000e+07
6.390077600000000000e+07
6.316608900000000000e+07
6.235049700000000000e+07
6.143281900000000000e+07
6.040289800000000000e+07
5.921898000000000000e+07
5.783119900000000000e+07
5.617163500000000000e+07
5.426694200000000000e+07
5.213898600000000000e+07
4.963636400000000000e+07
4.602758200000000000e+07
3.669973100000000000e+07
