4.122000000000000239e-37
4.070640000000000064e-37
4.019309999999999852e-37
3.968009999999999603e-37
3.916770000000000115e-37
3.865599999999999706e-37
3.814539999999999996e-37
3.763580000000000163e-37
3.712750000000000170e-37
3.662069999999999992e-37
3.611540000000000047e-37
3.561179999999999893e-37
3.510999999999999934e-37
3.461010000000000158e-37
3.411210000000000148e-37
3.361619999999999880e-37
3.312240000000000188e-37
3.263079999999999807e-37
3.214130000000000002e-37
3.165419999999999902e-37
3.116949999999999924e-37
3.068720000000000067e-37
3.020749999999999890e-37
2.973049999999999797e-37
2.925630000000000195e-37
2.878509999999999806e-37
2.831699999999999869e-37
2.785229999999999932e-37
2.739099999999999992e-37
2.693340000000000015e-37
2.647979999999999961e-37
2.603029999999999821e-37
2.558519999999999973e-37
2.514469999999999975e-37
2.470899999999999804e-37
2.427829999999999852e-37
2.385290000000000082e-37
2.343290000000000063e-37
2.301860000000000178e-37
2.261009999999999995e-37
2.220749999999999920e-37
2.181109999999999917e-37
2.142089999999999984e-37
2.103700000000000110e-37
2.065949999999999865e-37
2.028860000000000059e-37
1.992419999999999870e-37
1.956650000000000108e-37
1.921529999999999962e-37
1.887079999999999826e-37
1.853299999999999908e-37
1.820170000000000024e-37
1.787709999999999941e-37
1.755900000000000100e-37
1.724750000000000073e-37
1.694250000000000079e-37
1.664389999999999924e-37
1.635170000000000023e-37
1.606579999999999973e-37
1.578609999999999993e-37
1.551260000000000085e-37
1.524530000000000038e-37
1.498390000000000100e-37
1.472860000000000037e-37
1.447910000000000093e-37
1.423540000000000062e-37
1.399749999999999942e-37
1.376519999999999967e-37
1.353839999999999940e-37
1.331720000000000058e-37
1.310129999999999941e-37
1.289079999999999994e-37
1.268560000000000019e-37
1.248550000000000043e-37
1.229040000000000077e-37
1.210039999999999899e-37
1.173899999999999967e-37
1.128110000000000026e-37
1.093220000000000015e-37
1.069120000000000068e-37
1.056189999999999926e-37
1.055580000000000051e-37
1.069840000000000016e-37
1.104109999999999956e-37
1.170709999999999931e-37
1.307140000000000077e-37
1.728290000000000095e-37
6.408381000000000034e-37
9.956501006227790329e-01
9.956678358484631897e-01
9.956852485417191367e-01
9.957023362567565261e-01
9.957191000456037111e-01
9.957355423411732298e-01
9.957516665712284887e-01
9.957674762779206157e-01
9.957829755863910615e-01
9.957981688781336604e-01
9.958130604770937255e-01
9.958276551054073833e-01
9.958419571027966599e-01
9.958559712912266049e-01
9.958697022930894649e-01
9.958831547889031022e-01
9.958963333011969787e-01
9.959092425105873225e-01
9.959218870393231615e-01
9.959342714276715469e-01
9.959464002388277448e-01
9.959582780541962332e-01
9.959699091562141948e-01
9.959812981667967025e-01
9.959924493685405888e-01
9.960033671839995106e-01
9.960140556967210790e-01
9.960245193888390691e-01
9.960347621846028510e-01
9.960447885063310469e-01
9.960546021987902732e-01
9.960642075243817395e-01
9.960736082288812465e-01
9.960828083357446960e-01
9.960918117299124575e-01
9.961006221358387203e-01
9.961092435379806931e-01
9.961176793619865855e-01
9.961259334537676535e-01
9.961340094771289344e-01
9.961419106804643153e-01
9.961496408876687747e-01
9.961572032866212734e-01
9.961646015017180389e-01
9.961718387207159076e-01
9.961789183307027118e-01
9.961858438181809827e-01
9.961926184474335644e-01
9.961992451686327854e-01
9.962057271698789851e-01
9.962120672783484343e-01
9.962182685824807482e-01
9.962243339711491785e-01
9.962302663094646515e-01
9.962360683112799764e-01
9.962417427041982965e-01
9.962472923152785320e-01
9.962527198343230639e-01
9.962580277520431959e-01
9.962632186586308780e-01
9.962682951816478338e-01
9.962732597746426499e-01
9.962781147663936077e-01
9.962828626845835478e-01
9.962875058207729673e-01
9.962920465288187533e-01
9.962964870378111515e-01
9.963008296390400975e-01
9.963050764619211241e-01
9.963092296612546805e-01
9.963132913663438339e-01
9.963172636693365947e-01
9.963211485996704697e-01
9.963249481132591123e-01
9.963286641030805191e-01
9.963322986353234656e-01
9.963358534298859537e-01
9.963393304531348305e-01
9.963427314619335284e-01
9.963460582862846415e-01
9.963493125833342567e-01
9.963524962195394741e-01
9.963556107161802844e-01
9.963586578398941906e-01
9.963616391485091706e-01
9.963645561729634892e-01
9.963674105706195050e-01
9.963702038724921994e-01
9.963729374100279701e-01
9.963756128045978544e-01
9.963782314240235971e-01
9.963807946268932181e-01
9.963833038444451784e-01
9.963857603719505907e-01
9.963881656043337420e-01
9.963905208006992309e-01
9.963928271293921446e-01
9.963950859491554901e-01
9.963972984558829848e-01
9.963994656818037088e-01
9.964015889859618724e-01
9.964036694007627482e-01
9.964057080222340490e-01
9.964077060459550772e-01
9.964096643329868330e-01
9.964115840510106015e-01
9.964134662961315891e-01
9.964153118934877540e-01
9.964171219110281585e-01
9.964188973452410281e-01
9.964206389574449263e-01
9.964223478795132261e-01
9.964240247731698252e-01
9.964256707064655938e-01
9.964272863409195935e-01
9.964288726373476957e-01
9.964304304644360233e-01
9.964319604837675870e-01
9.964334633930550522e-01
9.964349402242973497e-01
9.964363915396932114e-01
9.964378179727469975e-01
9.964392204842692502e-01
9.964405995085551249e-01
9.964419559422889039e-01
9.964432902481141774e-01
9.964446030594833470e-01
9.964458953088320969e-01
9.964471672238979227e-01
9.964484196373921687e-01
9.964496530476409930e-01
9.964508680879102798e-01
9.964520652210157037e-01
9.964532450447373124e-01
9.964544080573122242e-01
9.964555547570786986e-01
9.964566857131434974e-01
9.964578013173169824e-01
9.964589022383453232e-01
9.964599886756048130e-01
9.964610612912139231e-01
9.964621204194106241e-01
9.964631665585148568e-01
9.964642000717451875e-01
9.964652213929584557e-01
9.964662309208341950e-01
9.964672290538540977e-01
9.964682161908008373e-01
9.964691925951044693e-01
9.964701588357239848e-01
9.964711149416993763e-01
9.964720612824593537e-01
9.964729983211420006e-01
9.964739261571977647e-01
9.964748452889656827e-01
9.964757559157445543e-01
9.964766583363818819e-01
9.964775527503774155e-01
9.964784396910913999e-01
9.964793192228456054e-01
9.964801917444381374e-01
9.964810573905147351e-01
9.964819164250212635e-01
9.964827691468112203e-01
9.964836157903547154e-01
9.964844566193266084e-01
9.964852917336849414e-01
9.964861213675773044e-01
9.964869459196847856e-01
9.964877654546203667e-01
9.964885800719461839e-01
9.964893902053763020e-01
9.964901958549992056e-01
9.964909972845618080e-01
9.964917945937272759e-01
9.964925881517052719e-01
9.964933778882311133e-01
9.964941641022673213e-01
9.964949469636796842e-01
9.964957266016504223e-01
9.964965031157454467e-01
9.964972767754343153e-01
9.964980475105482682e-01
9.964988157548151371e-01
9.964995813735747499e-01
9.965003446010410881e-01
9.965011056715976645e-01
9.965018644802721148e-01
9.965026213313272763e-01
9.965033762893201752e-01
9.965041294191375743e-01
9.965048808552002813e-01
9.965056307969053506e-01
9.965063792443489277e-01
9.965071262969793509e-01
9.965078720196224316e-01
9.965086166815264601e-01
9.965093602127544914e-01
9.965101027477766271e-01
9.965108442868898520e-01
9.965115851636301425e-01
9.965123252087684236e-01
9.965130646214287458e-01
9.965138033720031263e-01
9.965145417243684856e-01
9.965152796785240463e-01
9.965160171349165541e-01
9.965167543575682574e-01
9.965174914162503450e-01
9.965182282760233212e-01
9.965189651363893786e-01
9.965197018626944514e-01
9.965204386242038082e-01
9.965211755856103748e-01
9.965219126122822901e-01
9.965226498736408089e-01
9.965233874343505382e-01
9.965241252946120953e-01
9.965248635191277238e-01
9.965256022772601696e-01
9.965263414344994741e-01
9.965270811901520975e-01
9.965278214446661176e-01
9.965285623971492646e-01
9.965293040479018538e-01
9.965300464313261442e-01
9.965307894783157483e-01
9.965315334226869659e-01
9.965322781994652157e-01
9.965330238390435191e-01
9.965337705104244659e-01
9.965345180792790636e-01
9.965352667449168811e-01
9.965360163080331235e-01
9.965367668681837099e-01
9.965375182262625753e-01
9.965382705813801145e-01
9.965390237344301516e-01
9.965397780187791321e-01
9.965405331661086885e-01
9.965412894448267833e-01
9.965420467206789201e-01
9.965428051930759201e-01
9.965435646279480197e-01
9.965443253285984904e-01
9.965450871911377684e-01
9.965458502501327587e-01
9.965466145056859348e-01
9.965473799923262321e-01
9.965481468748248473e-01
9.965489150190186551e-01
9.965496844938409593e-01
9.965504552994705056e-01
9.965512275661227992e-01
9.965520012286487317e-01
9.965527763216237567e-01
9.965535528756547246e-01
9.965543309596816002e-01
9.965551106389908265e-01
9.965558918138310851e-01
9.965566744843055158e-01
9.965574588842540660e-01
9.965582448449671338e-01
9.965590325350467404e-01
9.965598218204155812e-01
9.965606129003897751e-01
9.965614057098030054e-01
9.965622001797795892e-01
9.965629965785001154e-01
9.965637947374647032e-01
9.965645947255098447e-01
9.965653967419284553e-01
9.965662005186128880e-01
9.965670063237637155e-01
9.965678139889617704e-01
9.965686236826198918e-01
9.965694355041760932e-01
9.965702491860012335e-01
9.965710650954749950e-01
9.965718830643586212e-01
9.965727031614274312e-01
9.965735253865619647e-01
9.965743498704451309e-01
9.965751765822451480e-01
9.965760055870616085e-01
9.965768368850992376e-01
9.965776704763638083e-01
9.965785064947341176e-01
9.965793448717780167e-01
9.965801857101206362e-01
9.965810290069068156e-01
9.965818748959075490e-01
9.965827233116442141e-01
9.965835744194493362e-01
9.965844280539692956e-01
9.965852844460657556e-01
9.965861435642900945e-01
9.965870055083820844e-01
9.965878702100804398e-01
9.965887378372028094e-01
9.965896080567496762e-01
9.965904808687277017e-01
9.965913563073297565e-01
9.965922344038411484e-01
9.965931152607012677e-01
9.965939987755845220e-01
9.965948849826752332e-01
9.965957741153422811e-01
9.965966660739072891e-01
9.965975607904012934e-01
9.965984585321098210e-01
9.965993592651075650e-01
9.966002629894018527e-01
9.966011698387498008e-01
9.966020796793928493e-01
9.966029927106602182e-01
9.966039089667209083e-01
9.966048285131651197e-01
9.966057513500019560e-01
9.966066775112735199e-01
9.966076071623589661e-01
9.966085402037065943e-01
9.966094767687925238e-01
9.966104169234634158e-01
9.966113607673905417e-01
9.966123082348997686e-01
9.966132594914279830e-01
9.966142146365479793e-01
9.966151736046572340e-01
9.966161365950607642e-01
9.966171036397450944e-01
9.966180747068276169e-01
9.966190500952765152e-01
9.966200296715136409e-01
9.966210135355128008e-01
9.966220018205291797e-01
9.966229946923000904e-01
9.966239920848375400e-01
9.966249941638990473e-01
9.966260009632388339e-01
9.966270126484363390e-01
9.966280292532264662e-01
9.966290509434089229e-01
9.966300776529359862e-01
9.966311096471924813e-01
9.966321470596359866e-01
9.966331897569208342e-01
9.966342381713751974e-01
9.966352921698741207e-01
9.966363519853990161e-01
9.966374178173639242e-01
9.966384895323769921e-01
9.966395672639252190e-01
9.966406506792103714e-01
9.966417399117969422e-01
9.966428351609001313e-01
9.966439364927099920e-01
9.966450440070111494e-01
9.966461578705655411e-01
9.966472782157020927e-01
9.966484051758227602e-01
9.966495389166418750e-01
9.966506795714399347e-01
9.966518272400716194e-01
9.966529821880517614e-01
9.966541445486296613e-01
9.966553144214618243e-01
9.966564921058352899e-01
9.966576777013085309e-01
9.966588713739936711e-01
9.966600733567508863e-01
9.966612838490059856e-01
9.966625030501857774e-01
9.966637312593840115e-01
9.966649686760299387e-01
9.966662154996531742e-01
9.966674718963589585e-01
9.966687383315763205e-01
9.966700149382008433e-01
9.966713019821796804e-01
9.966725999289369753e-01
9.966739088781436662e-01
9.966752293282407082e-01
9.966765614788685168e-01
9.966779057621252269e-01
9.966792625103358949e-01
9.966806321888102005e-01
9.966820150968226377e-01
9.966834117661227399e-01
9.966848225623767821e-01
9.966862479842019118e-01
9.966876884967954542e-01
9.966891443000157613e-01
9.966906156593123844e-01
9.966921024755835967e-01
9.966936056458439719e-01
9.966951255029115053e-01
9.966966626450334266e-01
9.966982178362676636e-01
9.966997916090719611e-01
9.967013847941335047e-01
9.967029980227403163e-01
9.967046321263693942e-01
9.967062880685824133e-01
9.967079665145119893e-01
9.967096686605217970e-01
9.967113954373540974e-01
9.967131480085669182e-01
9.967149276036978423e-01
9.967167353199163360e-01
9.967185727196460343e-01
9.967204412647382439e-01
9.967223425179198015e-01
9.967242783069639733e-01
9.967262504937779433e-01
9.967282612053431912e-01
9.967303127352270531e-01
9.967324077088108858e-01
9.967345489854236851e-01
9.967367395893442783e-01
9.967389831105231135e-01
9.967412836703001267e-01
9.967436456887843743e-01
9.967460740870572877e-01
9.967485736497940785e-01
9.967511500612002973e-01
9.967538108004928565e-01
9.967565652065975002e-01
9.967594241168156177e-01
9.967624011233510162e-01
9.967655129794316116e-01
9.967687816212442709e-01
9.967722359654643816e-01
9.967759159977451766e-01
9.967798808475617500e-01
9.967842246759146541e-01
9.967891196842170176e-01
9.967949676121773406e-01
9.968025047670083794e-01
9.968113195498398138e-01
9.999994518665056287e-01
9.999994902148889864e-01
9.999995264943429829e-01
9.999995607789233798e-01
9.999995931411730377e-01
9.999996236570983799e-01
9.999996523957446204e-01
9.999996794291250435e-01
9.999997048262685428e-01
9.999997286541819630e-01
9.999997509808986607e-01
9.999997718704295435e-01
9.999997913877910483e-01
9.999998095950092258e-01
9.999998265530776198e-01
9.999998423210189058e-01
9.999998569588581798e-01
9.999998705225936479e-01
9.999998830682278461e-01
9.999998946497898888e-01
9.999999053188789455e-01
9.999999151280007936e-01
9.999999241261650074e-01
9.999999323614792157e-01
9.999999398806481699e-01
9.999999467285779486e-01
9.999999529486722771e-01
9.999999585830382509e-01
9.999999636718764906e-01
9.999999682539937318e-01
9.999999723667908347e-01
9.999999760455717812e-01
9.999999793246373558e-01
9.999999822363919710e-01
9.999999848115362910e-01
9.999999870796724144e-01
9.999999890683012316e-01
9.999999908037943142e-01
9.999999923106623889e-01
9.999999936120366195e-01
9.999999947295376002e-01
9.999999956832961168e-01
9.999999964920127660e-01
9.999999971729576220e-01
9.999999977420410691e-01
9.999999982138336740e-01
9.999999986016057107e-01
9.999999989173871118e-01
9.999999991719679127e-01
9.999999993749966176e-01
9.999999995349890813e-01
9.999999996594226559e-01
9.999999997548096875e-01
9.999999998267756762e-01
9.999999998801309964e-01
9.999999999189312927e-01
9.999999999465511991e-01
9.999999999657493976e-01
9.999999999787416716e-01
9.999999999872728473e-01
9.999999999926862948e-01
9.999999999959894303e-01
9.999999999979163334e-01
9.999999999989832578e-01
9.999999999995390354e-01
9.999999999998083755e-01
9.999999999999282796e-01
9.999999999999764633e-01
9.999999999999933387e-01
9.999999999999984457e-01
9.999999999999997780e-01
1.000000000000000000e+00
1.000000000000000000e+00
1.000000000000000000e+00
1.000000000000000000e+00
1.000000000000000000e+00
1.000000000000000000e+00
1.000000000000000000e+00
