2.016959999999999959e-35
1.870020000000000056e-35
1.734740000000000013e-35
1.610219999999999938e-35
1.495610000000000111e-35
1.390120000000000001e-35
1.293029999999999961e-35
1.203660000000000029e-35
1.121410000000000007e-35
1.045690000000000055e-35
9.759930000000000466e-36
9.118160000000000501e-36
8.527189999999999396e-36
7.982869999999999427e-36
7.481420000000000241e-36
7.019280000000000213e-36
6.593270000000000255e-36
6.200389999999999388e-36
5.837920000000000295e-36
5.503309999999999939e-36
5.194279999999999794e-36
4.908690000000000159e-36
4.644599999999999750e-36
4.400189999999999807e-36
4.173830000000000169e-36
3.964009999999999856e-36
3.769350000000000235e-36
3.588570000000000211e-36
3.420519999999999699e-36
3.264129999999999849e-36
3.118430000000000021e-36
2.982530000000000140e-36
2.855620000000000038e-36
2.736950000000000136e-36
2.625850000000000092e-36
2.521689999999999847e-36
2.423919999999999910e-36
2.332019999999999922e-36
2.245519999999999960e-36
2.163990000000000053e-36
2.087050000000000001e-36
2.014330000000000094e-36
1.945519999999999878e-36
1.880329999999999877e-36
1.818480000000000102e-36
1.759729999999999848e-36
1.703869999999999874e-36
1.650689999999999938e-36
1.600009999999999927e-36
1.551659999999999884e-36
1.505490000000000161e-36
1.461370000000000083e-36
1.419150000000000002e-36
1.378740000000000028e-36
1.340029999999999964e-36
1.302909999999999945e-36
1.267300000000000069e-36
1.233119999999999934e-36
1.200289999999999973e-36
1.168749999999999925e-36
1.138420000000000056e-36
1.109260000000000082e-36
1.081210000000000075e-36
1.054219999999999932e-36
1.028230000000000059e-36
1.003209999999999994e-36
9.791079999999999659e-37
9.558929999999999305e-37
9.335249999999999370e-37
9.119700000000000273e-37
8.911940000000000762e-37
8.711680000000000359e-37
8.518599999999999459e-37
8.332440000000000053e-37
8.152920000000000815e-37
7.979800000000000371e-37
7.634020000000000586e-37
7.180370000000000116e-37
6.819170000000000126e-37
6.542879999999999887e-37
6.347919999999999633e-37
6.235560000000000307e-37
6.215019999999999731e-37
6.309189999999999761e-37
6.577509999999999801e-37
7.205950000000000327e-37
9.268590099999999569e-37
3.264510500000000174e-36
1.806291901129835544e-16
1.806051692469486439e-16
1.805819697355196230e-16
1.805595493212044211e-16
1.805378900082685997e-16
1.805169704244314748e-16
1.804967593784774134e-16
1.804772393253940894e-16
1.804583792001543039e-16
1.804401497967160934e-16
1.804225300864403647e-16
1.804054991132889149e-16
1.803890394751941199e-16
1.803731202338717344e-16
1.803577204152916598e-16
1.803428308672145354e-16
1.803284205977525984e-16
1.803144704545546936e-16
1.803009594640012506e-16
1.802878902584426430e-16
1.802752200432299381e-16
1.802629596478202512e-16
1.802510698472912705e-16
1.802395396682510841e-16
1.802283698857351689e-16
1.802175294904709437e-16
1.802070192214155293e-16
1.801968198894311898e-16
1.801869103952038957e-16
1.801772997298060869e-16
1.801679603977207170e-16
1.801588795522330664e-16
1.801500596796751090e-16
1.801414796990195971e-16
1.801331403128371956e-16
1.801250303862240438e-16
1.801171306397399943e-16
1.801094398846398993e-16
1.801019506244494507e-16
1.800946499054682681e-16
1.800875401230177629e-16
1.800806001604697895e-16
1.800738405941176083e-16
1.800672402714513410e-16
1.800607997687658523e-16
1.800545096982826080e-16
1.800483606900893435e-16
1.800423497194039596e-16
1.800364791268590747e-16
1.800307394885506391e-16
1.800251195081713366e-16
1.800196097438500707e-16
1.800142307175726723e-16
1.800089493331568032e-16
1.800037796948755547e-16
1.799987104885884482e-16
1.799937304183053880e-16
1.799888499700678336e-16
1.799840595938839305e-16
1.799793497576757464e-16
1.799747291295701919e-16
1.799701799592906957e-16
1.799657108609919325e-16
1.799613104849236998e-16
1.799569892451163635e-16
1.799527193730267126e-16
1.799485294649769955e-16
1.799443899348061136e-16
1.799403093609959338e-16
1.799362899388216167e-16
1.799323202467591409e-16
1.799284006626582613e-16
1.799245197471160652e-16
1.799206996592841169e-16
1.799169207409338436e-16
1.799131797535728872e-16
1.799094806193383389e-16
1.799058200818211332e-16
1.799022002639704582e-16
1.798985996905743933e-16
1.798950504664318368e-16
1.798915193174375573e-16
1.798880201293035092e-16
1.798845496100102628e-16
1.798810998462735911e-16
1.798776793090898085e-16
1.798742801030139639e-16
1.798709006990862048e-16
1.798675495324522481e-16
1.798642105062817675e-16
1.798608802570571222e-16
1.798575808352046047e-16
1.798542806939497190e-16
1.798510100671383190e-16
1.798477392065836610e-16
1.798444801445230024e-16
1.798412294818773949e-16
1.798379992688685469e-16
1.798347697213100454e-16
1.798315392206460265e-16
1.798283198169886946e-16
1.798251098918531585e-16
1.798218896430714881e-16
1.798186892864254605e-16
1.798154807819455844e-16
1.798122707310447152e-16
1.798090593316137140e-16
1.798058503416849837e-16
1.798026403448434458e-16
1.797994295209603814e-16
1.797962098118792058e-16
1.797929796173824827e-16
1.797897508612468108e-16
1.797865201274686013e-16
1.797832793397998291e-16
1.797800204758417174e-16
1.797767700837939140e-16
1.797735000872800107e-16
1.797702206121535186e-16
1.797669300404655036e-16
1.797636302777707175e-16
1.797603196342775790e-16
1.797569900873618693e-16
1.797536499113454406e-16
1.797502992680208050e-16
1.797469300447569579e-16
1.797435405518845172e-16
1.797401391538013683e-16
1.797367294992534171e-16
1.797332899345949882e-16
1.797298405497036633e-16
1.797263696551230546e-16
1.797228791380490254e-16
1.797193691062735019e-16
1.797158396496259490e-16
1.797122908579464564e-16
1.797087192268750694e-16
1.797051302375701500e-16
1.797015104036634439e-16
1.796978797611635142e-16
1.796942102328477020e-16
1.796905300756316895e-16
1.796868193794155974e-16
1.796830800129371518e-16
1.796793202511736495e-16
1.796755301660381211e-16
1.796717198294016602e-16
1.796678793131835834e-16
1.796640104678989545e-16
1.796601097900850740e-16
1.796561908909509352e-16
1.796522402312124062e-16
1.796482596973285543e-16
1.796442493072199078e-16
1.796402091507149457e-16
1.796361392637253033e-16
1.796320397001042467e-16
1.796279104957909474e-16
1.796237499443165897e-16
1.796195498599147018e-16
1.796153303144345833e-16
1.796110695296524368e-16
1.796067793556426962e-16
1.796024498462243384e-16
1.795980892412878039e-16
1.795936993907103868e-16
1.795892703124493982e-16
1.795848102464621344e-16
1.795803092646724724e-16
1.795757791808829725e-16
1.795712000129650108e-16
1.795666000370086431e-16
1.795619492530940673e-16
1.795572695107064118e-16
1.795525408277192221e-16
1.795477796669747357e-16
1.795429796195125017e-16
1.795381407391046073e-16
1.795332594529621227e-16
1.795283393877544595e-16
1.795233805613157167e-16
1.795183694190964657e-16
1.795133295515397482e-16
1.795082392352769107e-16
1.795031102474270267e-16
1.794979308287778201e-16
1.794927192203554180e-16
1.794874508069755422e-16
1.794821502397880940e-16
1.794767893316822384e-16
1.794713898953861051e-16
1.794659501540176221e-16
1.794604601435144839e-16
1.794549198639192641e-16
1.794493293331662719e-16
1.794437003636785467e-16
1.794380094024534456e-16
1.794322800383087594e-16
1.794265004947505870e-16
1.794206707718497532e-16
1.794147791292462044e-16
1.794088491374022203e-16
1.794028608319986733e-16
1.793968206070429095e-16
1.793907303104176870e-16
1.793845799421305018e-16
1.793783794842691806e-16
1.793721307843584125e-16
1.793658202549146645e-16
1.793594496897081155e-16
1.793530291246495608e-16
1.793465503352345279e-16
1.793400197524031540e-16
1.793334192055887904e-16
1.793267704700871555e-16
1.793200599772622056e-16
1.793132795383399860e-16
1.793064491533507657e-16
1.792995506331783988e-16
1.792925904097193930e-16
1.792855702580815489e-16
1.792784902141122591e-16
1.792713402598896410e-16
1.792641304312198180e-16
1.792568507281412984e-16
1.792494993580896032e-16
1.792420899061666944e-16
1.792346106155991334e-16
1.792270596761724922e-16
1.792194406904249271e-16
1.792117600917922354e-16
1.792039996546021610e-16
1.791961694146735972e-16
1.791882593361433019e-16
1.791802894368900891e-16
1.791722396810912956e-16
1.791641301045243236e-16
1.791559406713689260e-16
1.791476696438364874e-16
1.791393305691435304e-16
1.791309199002061332e-16
1.791224294105617965e-16
1.791138591360263584e-16
1.791052208317645977e-16
1.790964991604672115e-16
1.790876994952233755e-16
1.790788100449487622e-16
1.790698508096284784e-16
1.790608099986211666e-16
1.790516794384938996e-16
1.790424609017293952e-16
1.790331708073321508e-16
1.790237891555805393e-16
1.790143195627933036e-16
1.790047602206949371e-16
1.789951093393110872e-16
1.789853805164801711e-16
1.789755501723533764e-16
1.789656301147527117e-16
1.789556203257170713e-16
1.789455108052189702e-16
1.789353097996640015e-16
1.789250208698797205e-16
1.789146204551229590e-16
1.789041303268041475e-16
1.788935405206517104e-16
1.788828392299093411e-16
1.788720500322684897e-16
1.788611493859160122e-16
1.788501408502177784e-16
1.788390308480188814e-16
1.788278094153581622e-16
1.788164900930560840e-16
1.788050493404060033e-16
1.787935007156567118e-16
1.787818406606525262e-16
1.787700591935145942e-16
1.787581698539903059e-16
1.787461591203186202e-16
1.787340305495892474e-16
1.787217805669590885e-16
1.787094091727004979e-16
1.786969199767693648e-16
1.786842993872021413e-16
1.786715492088244973e-16
1.786586794415843907e-16
1.786456700853925852e-16
1.786325293716957514e-16
1.786192608731802176e-16
1.786058492311732183e-16
1.785922998220327224e-16
1.785786108773030976e-16
1.785647805933707094e-16
1.785508107918013738e-16
1.785366896513713465e-16
1.785224207964420291e-16
1.785080006384338384e-16
1.784934291955300431e-16
1.784787000376232718e-16
1.784638096126977923e-16
1.784487696520426945e-16
1.784335701555405137e-16
1.784182193389069248e-16
1.784027007883436657e-16
1.783870191516804985e-16
1.783711797808531703e-16
1.783551708917223374e-16
1.783389907364329770e-16
1.783226392974979409e-16
1.783061101414145266e-16
1.782893997373974921e-16
1.782725198685418281e-16
1.782554505346949922e-16
1.782381999711610368e-16
1.782207599426663547e-16
1.782031204846946260e-16
1.781852898152574558e-16
1.781672697341922259e-16
1.781490402413206574e-16
1.781306095551722179e-16
1.781119794928617235e-16
1.780931300364022125e-16
1.780740694226482187e-16
1.780547894503448245e-16
1.780352901370871288e-16
1.780155696847165935e-16
1.779956199091687883e-16
1.779754308279950565e-16
1.779550106436454400e-16
1.779343493920872646e-16
1.779134406497576230e-16
1.778922808401496102e-16
1.778708700170044246e-16
1.778492099413808210e-16
1.778272806308422239e-16
1.778050803247964900e-16
1.777826108370360491e-16
1.777598603718558211e-16
1.777368307425844349e-16
1.777135101717600571e-16
1.776898904721930614e-16
1.776659798668748360e-16
1.776417601681556534e-16
1.776172395817113554e-16
1.775923899371322785e-16
1.775672194761233910e-16
1.775417199566975342e-16
1.775158896742937770e-16
1.774897103864305686e-16
1.774631803535243639e-16
1.774362896114144963e-16
1.774090399167596515e-16
1.773814195130347588e-16
1.773534301208663208e-16
1.773250699843066618e-16
1.772963291391553516e-16
1.772671993761789334e-16
1.772376707125840186e-16
1.772077296213779143e-16
1.771773796827992815e-16
1.771466091425395021e-16
1.771153998074755592e-16
1.770837499238539442e-16
1.770516495097085372e-16
1.770190803886276490e-16
1.769860408077465465e-16
1.769525207850144548e-16
1.769185003738110557e-16
1.768839695920347916e-16
1.768489202438038737e-16
1.768133405955072988e-16
1.767772206826958988e-16
1.767405405408967185e-16
1.767032802232822158e-16
1.766654397653175803e-16
1.766269892024584420e-16
1.765879303359938100e-16
1.765482297044582194e-16
1.765078808745435696e-16
1.764668603509572741e-16
1.764251599874208221e-16
1.763827398014635236e-16
1.763395998811470802e-16
1.762957102615875418e-16
1.762510492505804762e-16
1.762056004438090394e-16
1.761593203868634632e-16
1.761122091336159464e-16
1.760642303119857592e-16
1.760153504525178039e-16
1.759655396441096596e-16
1.759147797346853059e-16
1.758630507587259306e-16
1.758103092343284840e-16
1.757565704365441338e-16
1.757017692324291955e-16
1.756458892074857369e-16
1.755888904659777821e-16
1.755307196189403533e-16
1.754713502832809106e-16
1.754107408437256284e-16
1.753488196521429535e-16
1.752855703739541808e-16
1.752209196604568843e-16
1.751548093874835938e-16
1.750871897647003090e-16
1.750179991988200676e-16
1.749471596504555421e-16
1.748746095795664269e-16
1.748002491792253865e-16
1.747240304767519548e-16
1.746458302216080375e-16
1.745655604409875001e-16
1.744831197036229439e-16
1.743984000863969102e-16
1.743112602107945659e-16
1.742215704780988026e-16
1.741291695997292236e-16
1.740339098228508569e-16
1.739355899283384973e-16
1.738340105424837434e-16
1.737289406397220509e-16
1.736200992490409334e-16
1.735072307114489877e-16
1.733900206349021908e-16
1.732681500106386187e-16
1.731411801390496755e-16
1.730085991680016469e-16
1.728697707139866937e-16
1.727239501946598376e-16
1.725701805158294937e-16
1.724072602804203800e-16
1.722335793028673345e-16
1.720469493091970810e-16
1.718441301461190229e-16
1.716200108050694224e-16
1.713652699457114559e-16
1.710583395902296944e-16
1.706593608161442149e-16
1.701888099231427146e-16
4.097721907648425375e-23
3.499681700752043413e-23
2.980598589551038665e-23
2.531218901971626275e-23
2.143219106732224816e-23
1.809139306616203047e-23
1.522299503647042157e-23
1.276759599271129661e-23
1.067199705150593796e-23
8.889217588036728042e-24
7.377428207236510465e-24
6.099798611409246782e-24
5.023849006972053806e-24
4.121029198331020633e-24
3.366329388396522245e-24
2.737929606354787395e-24
2.216819693258336087e-24
1.786499800933613449e-24
1.432709804395880734e-24
1.143169905315500323e-24
9.073399057526317169e-25
7.162109365106205301e-25
5.621089623193545047e-25
4.385309710355818845e-25
3.399899799594215720e-25
2.618759891432930701e-25
2.003349905907222587e-25
1.521639897843894159e-25
1.147130004212119844e-25
8.580259685018813587e-26
6.365069815064789991e-26
4.681019881489242426e-26
3.411259897696162331e-26
2.462160005506354655e-26
1.759210008464503010e-26
1.243579996368339102e-26
8.691939891901731397e-27
6.002929904825120834e-27
4.093570009458859027e-27
2.754210009948307398e-27
1.826760008639730249e-27
1.193319994848791007e-27
7.669769973094544953e-28
4.844859986303375420e-28
3.004149993216752617e-28
1.826079996738317278e-28
1.086469998480686595e-28
6.316669993161491694e-29
3.581819997034138613e-29
1.976739998764530961e-29
1.059259999507432475e-29
5.497159998127791389e-30
2.754779999324554409e-30
1.328679999769840213e-30
6.144789999263430081e-31
2.713049999780056516e-31
1.137859999939182720e-31
4.506809999845639187e-32
1.674279999964407472e-32
5.787339999926343774e-33
1.843679999986515860e-33
5.352049999978534774e-34
1.396499999997090116e-34
3.220799999996725162e-35
6.430789999997035964e-36
1.082959999999792450e-36
1.487519999999893223e-37
1.595939999999962503e-38
1.263799999999991459e-39
6.856609999999989997e-41
2.316589999999999237e-42
4.386270000000000202e-44
4.529899999999999969e-46
2.945330000000000126e-48
7.686130000000000481e-51
1.151610000000000013e-56
0.000000000000000000e+00
0.000000000000000000e+00
