1.782780400000000147e-77
1.727017500000000017e-77
1.673372599999999947e-77
1.621755500000000003e-77
1.572109399999999964e-77
1.524233900000000026e-77
1.478024399999999986e-77
1.433501900000000086e-77
1.390640000000000055e-77
1.349360900000000006e-77
1.309613499999999972e-77
1.271309400000000029e-77
1.234411200000000019e-77
1.198845299999999948e-77
1.164572400000000019e-77
1.131504599999999982e-77
1.099637599999999931e-77
1.068881699999999989e-77
1.039221599999999977e-77
1.010592799999999962e-77
9.829315599999999049e-78
9.561503299999999773e-78
9.302599100000000459e-78
9.052520399999999530e-78
8.811092400000000433e-78
8.577766800000000280e-78
8.352508499999999937e-78
8.134773399999999864e-78
7.924346499999999966e-78
7.720889399999999758e-78
7.524254099999999931e-78
7.334051800000000113e-78
7.150140099999999704e-78
6.972142399999999697e-78
6.799869099999999962e-78
6.633280199999999858e-78
6.471918800000000017e-78
6.315476500000000436e-78
6.163574299999999921e-78
6.016302599999999961e-78
5.873577499999999794e-78
5.735362100000000084e-78
5.601407399999999806e-78
5.471571300000000312e-78
5.345747100000000207e-78
5.223828900000000100e-78
5.105496699999999649e-78
4.990803600000000003e-78
4.879551300000000059e-78
4.771572900000000313e-78
4.666764999999999736e-78
4.565115299999999828e-78
4.466331599999999524e-78
4.370489699999999636e-78
4.277381599999999894e-78
4.186903999999999762e-78
4.098949600000000173e-78
4.013246499999999936e-78
3.929852100000000202e-78
3.848624699999999971e-78
3.769729600000000009e-78
3.692924200000000007e-78
3.618292499999999779e-78
3.545649400000000179e-78
3.474947700000000239e-78
3.406148599999999931e-78
3.339166899999999784e-78
3.273911700000000172e-78
3.210351499999999964e-78
3.148425600000000038e-78
3.088072200000000187e-78
3.029238799999999809e-78
2.971824300000000050e-78
2.915827199999999785e-78
2.861158200000000044e-78
2.807806400000000087e-78
2.713422899999999967e-78
2.580438299999999931e-78
2.452597299999999876e-78
2.327639899999999955e-78
2.202955899999999955e-78
2.076083499999999974e-78
1.942877000000000029e-78
1.797029899999999889e-78
1.626283499999999919e-78
1.414017600000000078e-78
1.140231099999999895e-78
7.700311600000000173e-79
7.221834404517255758e-41
6.831908471513673629e-41
6.468245290526606953e-41
6.129163476958022058e-41
5.813022400266234981e-41
5.518262112974537315e-41
5.243413481944829060e-41
4.987099781358717846e-41
4.748031978955297937e-41
4.525005694902127589e-41
4.316897602068224491e-41
4.122660979736708490e-41
3.941321288533512875e-41
3.771971404890737145e-41
3.613767608321061054e-41
3.465925216666593693e-41
3.327714911030708642e-41
3.198458908062993799e-41
3.077527690851124821e-41
2.964336404249375852e-41
2.858342000685429855e-41
2.759039994609663070e-41
2.665962497741396442e-41
2.578674995253690401e-41
2.496774098417044803e-41
2.419885693158256762e-41
2.347662489856924021e-41
2.279782198601125218e-41
2.215946004860233973e-41
2.155876396767047407e-41
2.099316204634239978e-41
2.046026394914805272e-41
1.995785796451292600e-41
1.948388596744631925e-41
1.903644203306058382e-41
1.861375603991161163e-41
1.821418606469314403e-41
1.783620798857590628e-41
1.747840606060112495e-41
1.713946799100348585e-41
1.681817401148849145e-41
1.651339101471508225e-41
1.622406705352806097e-41
1.594922402404345257e-41
1.568795497985352337e-41
1.543940997412817831e-41
1.520280005826928814e-41
1.497739397665772990e-41
1.476251492840475421e-41
1.455753295864350334e-41
1.436186096076339228e-41
1.417495297983045775e-41
1.399629805579203995e-41
1.382542294878371585e-41
1.366188397684173654e-41
1.350526703665869278e-41
1.335518803103745294e-41
1.321128399780296290e-41
1.307321997050158266e-41
1.294067998257666474e-41
1.281336893802942143e-41
1.269101199712928817e-41
1.257335006015342069e-41
1.246014103357509326e-41
1.235115794818936080e-41
1.224618695733305764e-41
1.214502796389039938e-41
1.204749399563519068e-41
1.195340695755105895e-41
1.186259999596671071e-41
1.177491801614812122e-41
1.169021204305388112e-41
1.160834298368447219e-41
1.152917897816719076e-41
1.145259804716408800e-41
1.137848198441489174e-41
1.130672003892338075e-41
1.123720800511068024e-41
1.116984501638951177e-41
1.110453698090019456e-41
1.104119502862760823e-41
1.097973495833959041e-41
1.092007600784934939e-41
1.086214197645087341e-41
1.080585899076531156e-41
1.075115895870479621e-41
1.069797700612673121e-41
1.064624804137770577e-41
1.059591397245697881e-41
1.054691902968746599e-41
1.049920601500546223e-41
1.045272504853931737e-41
1.040742704015601560e-41
1.036326300386860267e-41
1.032018895447145233e-41
1.027816200825952942e-41
1.023713897050680178e-41
1.019708295854375605e-41
1.015795398425821731e-41
1.011971595614317258e-41
1.008233498973920629e-41
1.004577699395846852e-41
1.001001098013112660e-41
9.975005260416184946e-42
9.940730943228260831e-42
9.907159540278545443e-42
9.874263963295382223e-42
9.842018518702784218e-42
9.810397818815359359e-42
9.779378073944802588e-42
9.748936289799686331e-42
9.719050079316886887e-42
9.689698346416560037e-42
9.660860406849547281e-42
9.632516664627471598e-42
9.604648325421581087e-42
9.577237004463947991e-42
9.550265204636651656e-42
9.523716132430156666e-42
9.497573502137902664e-42
9.471821814635856098e-42
9.446445980781202848e-42
9.421431604578813733e-42
9.396764895365511831e-42
9.372432261833578954e-42
9.348421002327754279e-42
9.324718728630614211e-42
9.301313356210342996e-42
9.278193674150949376e-42
9.255348496631976728e-42
9.232767228238416709e-42
9.210439582326087023e-42
9.188355755932643264e-42
9.166506454415877056e-42
9.144882482171134965e-42
9.123475243555469254e-42
9.102276060841096586e-42
9.081277012005446630e-42
9.060470120352532170e-42
9.039847987985136691e-42
9.019403411687340161e-42
8.999129403787730990e-42
8.979019268989159050e-42
8.959066700645050680e-42
8.939265412496196546e-42
8.919609408242609377e-42
8.900093091549359954e-42
8.880710966051704418e-42
8.861457823077892925e-42
8.842328589668620629e-42
8.823320643756610332e-42
8.804430611331300344e-42
8.785654285197927016e-42
8.766987266190989442e-42
8.748425358640068019e-42
8.729964764218492080e-42
8.711601485455977763e-42
8.693331823994461962e-42
8.675152297310699790e-42
8.657059593248358525e-42
8.639050315123520843e-42
8.621121377423865857e-42
8.603269669134908344e-42
8.585492492649099817e-42
8.567786763805382496e-42
8.550150070992759119e-42
8.532579814844980766e-42
8.515073311686085162e-42
8.497628265204760555e-42
8.480242461318220035e-42
8.462913800611020689e-42
8.445640001740645593e-42
8.428418964941146125e-42
8.411248977079343740e-42
8.394128038696089121e-42
8.377054384462237207e-42
8.360026182283431589e-42
8.343042034345797987e-42
8.326100074630370677e-42
8.309198871663135890e-42
8.292337125927648000e-42
8.275513173221265665e-42
8.258725779368048686e-42
8.241973664888365447e-42
8.225255611337690049e-42
8.208570337900608799e-42
8.191916664417589435e-42
8.175293836756119285e-42
8.158700510900022151e-42
8.142135769681127961e-42
8.125598695263587804e-42
8.109088306959217308e-42
8.092603706471652688e-42
8.076144093875857890e-42
8.059708570050121345e-42
8.043296516301348740e-42
8.026906973269595013e-42
8.010539301710248057e-42
7.994192922043185488e-42
7.977867034319985939e-42
7.961560861360154706e-42
7.945274061799120316e-42
7.929006036771558218e-42
7.912755926775181619e-42
7.896523413664143567e-42
7.880307797457812043e-42
7.864108577389900227e-42
7.847925534317407102e-42
7.831757811130492679e-42
7.815605086479001898e-42
7.799466861933921515e-42
7.783342914548622497e-42
7.767232489276557600e-42
7.751135365664020269e-42
7.735051220276660449e-42
7.718979499021232784e-42
7.702919880168060564e-42
7.686871963704126022e-42
7.670835627088787883e-42
7.654810117492770599e-42
7.638795510996045489e-42
7.622791209103898532e-42
7.606797011027572572e-42
7.590812718259698357e-42
7.574837930768989820e-42
7.558872272930921598e-42
7.542915696051280838e-42
7.526967925852121989e-42
7.511028486429071675e-42
7.495097528874112148e-42
7.479174503830831267e-42
7.463259485615311143e-42
7.447352075673966787e-42
7.431453572467949152e-42
7.415566376695099260e-42
7.399691786829287311e-42
7.383829504307724458e-42
7.367979627610764542e-42
7.352141785383205391e-42
7.336316223308208599e-42
7.320502595921747708e-42
7.304700875962419731e-42
7.288911064841207055e-42
7.273133133776429278e-42
7.257366665980366481e-42
7.241611979588790901e-42
7.225868801813691734e-42
7.210137132599190965e-42
7.194416799944600773e-42
7.178707777487572582e-42
7.163010136075782715e-42
7.147323632230140275e-42
7.131648266361439943e-42
7.115984082620630943e-42
7.100331008753996972e-42
7.084688773849703924e-42
7.069057620398471907e-42
7.053437206792457939e-42
7.037827704512653945e-42
7.022229012781156576e-42
7.006641031528482419e-42
6.991063692172804676e-42
6.975497133912773431e-42
6.959941017704697229e-42
6.944395512685325601e-42
6.928860520165753681e-42
6.913335870238087515e-42
6.897821801244365684e-42
6.882317976370937379e-42
6.866824532643508453e-42
6.851341332487689257e-42
6.835868277651493764e-42
6.820405503549337709e-42
6.804952874897206939e-42
6.789510527176370973e-42
6.774078325032250607e-42
6.758656169509672870e-42
6.743244294492116774e-42
6.727842566889594740e-42
6.712450920640114231e-42
6.697069421245113543e-42
6.681697769068415458e-42
6.666336299133374487e-42
6.650984677190446741e-42
6.635642970616708112e-42
6.620311079307554517e-42
6.604989103157183379e-42
6.589676676822128770e-42
6.574374032138825615e-42
6.559080871765778637e-42
6.543797293479105842e-42
6.528523132072674251e-42
6.513258121643555037e-42
6.498002528816040516e-42
6.482755887341120337e-42
6.467518428853538891e-42
6.452289923076612937e-42
6.437070270988121997e-42
6.421859401353727223e-42
6.406657886096269337e-42
6.391468787537273516e-42
6.376295105558215290e-42
6.361136676430079050e-42
6.345993828042311674e-42
6.330866269893564469e-42
6.315754392240463388e-42
6.300658131501398822e-42
6.285577525955661141e-42
6.270512675297315915e-42
6.255463804961206747e-42
6.240430890808467264e-42
6.225414095409378310e-42
6.210413518628754319e-42
6.195428998997579379e-42
6.180460998011745403e-42
6.165509316769567404e-42
6.150574093623084366e-42
6.135655490846214881e-42
6.120753508291172273e-42
6.105868284752423913e-42
6.090999782657095895e-42
6.076148301241964550e-42
6.061313780348007464e-42
6.046496281334464655e-42
6.031696004644405079e-42
6.016912889343444667e-42
6.002147196937101918e-42
5.987398827855173523e-42
5.972667921602541337e-42
5.957954579644646395e-42
5.943259021705375636e-42
5.928581127999502102e-42
5.913921000565369443e-42
5.899278798055595696e-42
5.884654620875810492e-42
5.870048510722816437e-42
5.855460627568678718e-42
5.840890912218558752e-42
5.826339524342444735e-42
5.811806705617109158e-42
5.797292515405724343e-42
5.782797095666949168e-42
5.768320605460290088e-42
5.753863186449650842e-42
5.739424997968242546e-42
5.725005983109513887e-42
5.710606398607181783e-42
5.696226189548562878e-42
5.681865612370556850e-42
5.667524411290274130e-42
5.653202887619484343e-42
5.638901397354226138e-42
5.624623884558718904e-42
5.610374203823468255e-42
5.596152699504739093e-42
5.581959672897351180e-42
5.567795480406368878e-42
5.553660722328491977e-42
5.539555388164185058e-42
5.525479990107731331e-42
5.511434973322448806e-42
5.497420694024303107e-42
5.483437497642121010e-42
5.469485884853898265e-42
5.455566111977148245e-42
5.441678624835276396e-42
5.427823924079454624e-42
5.414002511439244241e-42
5.400214787544943434e-42
5.386461407425775136e-42
5.372742718095396257e-42
5.359059220696149333e-42
5.345411416359096533e-42
5.331799806737260660e-42
5.318224892935268754e-42
5.304687276047214085e-42
5.291187510067540999e-42
5.277726091165085258e-42
5.264303726083045078e-42
5.250920710443029640e-42
5.237577799626558612e-42
5.224275594119553508e-42
5.211014796487775073e-42
5.197795907712488319e-42
5.184619477954995958e-42
5.171486413025422422e-42
5.158397311328355424e-42
5.145352774687436392e-42
5.132353609094529290e-42
5.119400713161465786e-42
5.106494689672113898e-42
5.093636692317775964e-42
5.080829621920222219e-42
5.068078777928008750e-42
5.055387612556570880e-42
5.042757277970208772e-42
5.030189177303786141e-42
5.017684613315930888e-42
5.005244889134113115e-42
4.992871408060490941e-42
4.980565723956520683e-42
4.968329090143827454e-42
4.956163310573478062e-42
4.944069690419381319e-42
4.932049882752620256e-42
4.920105693387869517e-42
4.908238577531555422e-42
4.896450390216891526e-42
4.884742788256100795e-42
4.873117777118274330e-42
4.861577213265298401e-42
4.850123206154319666e-42
4.838757712223668695e-42
4.827482691800037443e-42
4.816300402385994033e-42
4.805212805810942403e-42
4.794221913156302000e-42
4.783329989004558058e-42
4.772538895142031821e-42
4.761850798038116535e-42
4.751267414827278769e-42
4.740790617457012661e-42
4.730421979539504280e-42
4.720163719354557743e-42
4.710021317246684605e-42
4.699999900288579352e-42
4.690099703766618762e-42
4.680320177492339818e-42
4.670659119290755603e-42
4.661112505253073050e-42
4.651673013904314477e-42
4.642328707550746235e-42
4.633060181247224719e-42
4.623835581434374781e-42
4.614600803923794081e-42
4.605257921603264145e-42
4.595606698544110707e-42
4.585128589016323626e-42
4.572983621869379053e-42
4.560374597940534234e-42
9.032984116860124298e-55
7.009353401506233655e-55
5.414717381017849206e-55
4.163558203243094332e-55
3.186238710008531377e-55
2.426339108873364073e-55
1.838279404404049562e-55
1.385429599209092808e-55
1.038459705011886801e-55
7.740197889583099341e-56
5.735618605626062244e-56
4.224599007901817094e-56
3.092249404291397074e-56
2.248769599089268647e-56
1.624409694400784962e-56
1.165239802704543984e-56
8.298188774764027847e-57
5.865189203065110696e-57
4.113199512620234886e-57
2.861129713303653239e-57
1.973379790762369343e-57
1.349109893427137053e-57
9.138639337707537060e-58
6.131119614478512284e-58
4.072299799513963140e-58
2.676599891243711495e-58
1.740059905130866642e-58
1.118299998415411447e-58
7.101119726074434976e-59
4.452639892225663268e-59
2.755229906521053329e-59
1.681339993351261370e-59
1.011109999317134194e-59
5.987519913390441398e-60
3.488509916785092450e-60
1.997949994165331664e-60
1.123719998953031525e-60
3.446057302769921149e-71
1.906492704405260800e-71
1.033708503733792891e-71
5.487683225954204596e-72
2.848150387705378633e-72
1.442736194938899817e-72
7.118556579875539140e-73
3.414219492290832297e-73
1.591287097157696368e-73
7.185151189952325761e-74
3.115484196627136783e-74
1.293263698929136285e-74
5.124411296797226384e-75
1.933851099100738079e-75
6.976001197624133007e-76
2.399838999411582923e-76
7.825167198644490435e-77
2.400401799712266147e-77
6.843055599445242416e-78
1.799380199903825409e-78
4.325046599851864222e-79
9.388922799800408307e-80
1.815910199976888712e-80
3.088067799977414764e-81
4.567761599981680618e-82
5.767295099987982889e-83
6.019675399993880345e-84
5.038034599997677305e-85
3.256113499999376496e-86
1.522593099999890762e-87
4.833867499999886243e-99
1.091165299999992746e-100
1.407527899999997831e-102
8.823512699999997814e-105
2.208747799999999918e-107
1.875826900000000014e-110
6.020641600000000227e-114
4.362394100000000117e-118
0.000000000000000000e+00
0.000000000000000000e+00
0.000000000000000000e+00
