5.000000000000000000e-01
5.000000000000000000e-01
5.000000000000000000e-01
5.000000000000000000e-01
5.000000000000000000e-01
5.000000000000000000e-01
5.000000000000000000e-01
5.000000000000000000e-01
5.000000000000000000e-01
5.000000000000000000e-01
5.000000000000000000e-01
5.000000000000000000e-01
5.000000000000000000e-01
5.000000000000000000e-01
5.000000000000000000e-01
5.000000000000000000e-01
5.000000000000000000e-01
5.000000000000000000e-01
5.000000000000000000e-01
5.000000000000000000e-01
5.000000000000000000e-01
5.000000000000000000e-01
5.000000000000000000e-01
5.000000000000000000e-01
5.000000000000000000e-01
5.000000000000000000e-01
5.000000000000000000e-01
5.000000000000000000e-01
5.000000000000000000e-01
5.000000000000000000e-01
5.000000000000000000e-01
5.000000000000000000e-01
5.000000000000000000e-01
5.000000000000000000e-01
5.000000000000000000e-01
5.000000000000000000e-01
5.000000000000000000e-01
5.000000000000000000e-01
5.000000000000000000e-01
5.000000000000000000e-01
5.000000000000000000e-01
5.000000000000000000e-01
5.000000000000000000e-01
5.000000000000000000e-01
5.000000000000000000e-01
5.000000000000000000e-01
5.000000000000000000e-01
5.000000000000000000e-01
5.000000000000000000e-01
5.000000000000000000e-01
5.000000000000000000e-01
5.000000000000000000e-01
5.000000000000000000e-01
5.000000000000000000e-01
5.000000000000000000e-01
5.000000000000000000e-01
5.000000000000000000e-01
5.000000000000000000e-01
5.000000000000000000e-01
5.000000000000000000e-01
5.000000000000000000e-01
5.000000000000000000e-01
5.000000000000000000e-01
5.000000000000000000e-01
5.000000000000000000e-01
5.000000000000000000e-01
5.000000000000000000e-01
5.000000000000000000e-01
5.000000000000000000e-01
5.000000000000000000e-01
5.000000000000000000e-01
5.000000000000000000e-01
5.000000000000000000e-01
5.000000000000000000e-01
5.000000000000000000e-01
5.000000000000000000e-01
5.000000000000000000e-01
5.000000000000000000e-01
5.000000000000000000e-01
5.000000000000000000e-01
5.000000000000000000e-01
5.000000000000000000e-01
5.000000000000000000e-01
5.000000000000000000e-01
5.000000000000000000e-01
5.000000000000000000e-01
5.000000000000000000e-01
5.000000000000000000e-01
1.477274500924035082e-06
1.477269593840376484e-06
1.477264597836397847e-06
1.477259394446390711e-06
1.477254200067657933e-06
1.477248803473307316e-06
1.477243394913259583e-06
1.477237894478232309e-06
1.477232293452463355e-06
1.477226598335756178e-06
1.477220900707736074e-06
1.477215092739339828e-06
1.477209295702354599e-06
1.477203401915341676e-06
1.477197403401394536e-06
1.477191307103369503e-06
1.477185204896573073e-06
1.477179103723820489e-06
1.477172795608660418e-06
1.477166502117517829e-06
1.477160200354222678e-06
1.477153697114084624e-06
1.477147198748560618e-06
1.477140597281174704e-06
1.477133999063496971e-06
1.477127295823717757e-06
1.477120493618100611e-06
1.477113599093642777e-06
1.477106703239737721e-06
1.477099597784941123e-06
1.477092503260681193e-06
1.477085396328851411e-06
1.477078097373606825e-06
1.477070797532109760e-06
1.477063302565215642e-06
1.477055803167102754e-06
1.477048205246179599e-06
1.477040499053955423e-06
1.477032805121167741e-06
1.477024899224708957e-06
1.477016901008949758e-06
1.477008901316162458e-06
1.477000704873068216e-06
1.476992502226565977e-06
1.476984198103256562e-06
1.476975697525031509e-06
1.476967205660919634e-06
1.476958497698159825e-06
1.476949792837088767e-06
1.476940895804158263e-06
1.476931995965021581e-06
1.476922897898486116e-06
1.476913805887273358e-06
1.476904494528806897e-06
1.476895097496514725e-06
1.476885604008857927e-06
1.476876003432259422e-06
1.476866299754397014e-06
1.476856396667621000e-06
1.476846398011573384e-06
1.476836392857428235e-06
1.476826199665941379e-06
1.476815807065381886e-06
1.476805403979399634e-06
1.476794793805140657e-06
1.476784094854736177e-06
1.476773195609257727e-06
1.476762299464968703e-06
1.476751194755760888e-06
1.476739999497908118e-06
1.476728602025185228e-06
1.476717105438600950e-06
1.476705497924490209e-06
1.476693697203584674e-06
1.476681806081270957e-06
1.476669697977405360e-06
1.476657505083393032e-06
1.476645200671577943e-06
1.476632702166662854e-06
1.476619997460213527e-06
1.476607203828546827e-06
1.476594294397358007e-06
1.476581201061366339e-06
1.476567996798800273e-06
1.476554598738136300e-06
1.476540994328605814e-06
1.476527300845606862e-06
1.476513405738616748e-06
1.476499396161987109e-06
1.476485204156010421e-06
1.476470802110171600e-06
1.476456306856219940e-06
1.476441605696702178e-06
1.476426700551149767e-06
1.476411593486662123e-06
1.476396401186431878e-06
1.476380995746546198e-06
1.476365493997835557e-06
1.476349697712100725e-06
1.476333793601864164e-06
1.476317698497551165e-06
1.476301399112152294e-06
1.476284897069721728e-06
1.476268294141724205e-06
1.476251406419626547e-06
1.476234406001778160e-06
1.476217194512605128e-06
1.476199702805221840e-06
1.476182102831169320e-06
1.476164296067055387e-06
1.476146298455507807e-06
1.476128096858651274e-06
1.476109707071008145e-06
1.476091001046548070e-06
1.476072194579567550e-06
1.476053203906817285e-06
1.476033900687979299e-06
1.476014500716604920e-06
1.475994805026057099e-06
1.475974900332241620e-06
1.475954802280644971e-06
1.475934496997210736e-06
1.475914000717294066e-06
1.475893199272088926e-06
1.475872193989953195e-06
1.475851000367486778e-06
1.475829604531386907e-06
1.475807893052043674e-06
1.475785995888459673e-06
1.475763899462969293e-06
1.475741504513555131e-06
1.475718897168242929e-06
1.475695992922561583e-06
1.475672892661625945e-06
1.475649597123073175e-06
1.475626007044638325e-06
1.475602093651811944e-06
1.475578001950713840e-06
1.475553703314535931e-06
1.475529098038873930e-06
1.475504201911958012e-06
1.475479100621028985e-06
1.475453694904225300e-06
1.475428000106230447e-06
1.475402102062464119e-06
1.475375901363394526e-06
1.475349498599155391e-06
1.475322694360283807e-06
1.475295703842112174e-06
1.475268398276296020e-06
1.475240807316013999e-06
1.475213001898598956e-06
1.475184797514608186e-06
1.475156394311206765e-06
1.475127693026038478e-06
1.475098693954012670e-06
1.475069497537370898e-06
1.475039904071257256e-06
1.475009999542746546e-06
1.474979898849662975e-06
1.474949402582046217e-06
1.474918696137629840e-06
1.474887594708692933e-06
1.474856198737227816e-06
1.474824493769603402e-06
1.474792594996618409e-06
1.474760202565787618e-06
1.474727602023915771e-06
1.474694693961567428e-06
1.474661393273479061e-06
1.474627800106467889e-06
1.474593900303913446e-06
1.474559593866421633e-06
1.474524995981919091e-06
1.474490106797251475e-06
1.474454797265180666e-06
1.474419196875410654e-06
1.474383306069593312e-06
1.474346995507664454e-06
1.474310294972159069e-06
1.474273304609609983e-06
1.474235895229519760e-06
1.474198196317157749e-06
1.474160093719930128e-06
1.474121602031928916e-06
1.474082806806134904e-06
1.474043593597343986e-06
1.474004006627121717e-06
1.473964001969215497e-06
1.473923694511550049e-06
1.473882899140873326e-06
1.473841801264850569e-06
1.473800301178597647e-06
1.473758298882448562e-06
1.473715994523671096e-06
1.473673302986693752e-06
1.473630095092664314e-06
1.473586500314610388e-06
1.473542604063146010e-06
1.473498106338841413e-06
1.473453292848888723e-06
1.473407992915854088e-06
1.473362406832865208e-06
1.473316204985406851e-06
1.473269602549345543e-06
1.473222599524738033e-06
1.473175095764474031e-06
1.473127206441690346e-06
1.473078802093539226e-06
1.473029997451657864e-06
1.472980592810970760e-06
1.472930802753202071e-06
1.472880597966540971e-06
1.472829793475658423e-06
1.472778603860741432e-06
1.472726799813257947e-06
1.472674596208451698e-06
1.472621793046573954e-06
1.472568605200228456e-06
1.472514803364990627e-06
1.472460502119606729e-06
1.472405701758493768e-06
1.472350302134465854e-06
1.472294503541604235e-06
1.472238005980230542e-06
1.472181094727971974e-06
1.472123499229342710e-06
1.472065405055955241e-06
1.472006797340377687e-06
1.471947605670530382e-06
1.471887800753900662e-06
1.471827397163199531e-06
1.471766395192621859e-06
1.471704794547627820e-06
1.471642695375068303e-06
1.471579897380734583e-06
1.471516600858482595e-06
1.471452605514121190e-06
1.471388097074733215e-06
1.471322904674539844e-06
1.471257099180362450e-06
1.471190695158752411e-06
1.471123592903887930e-06
1.471056006831583764e-06
1.470987593104598162e-06
1.470918595854068592e-06
1.470849000369182742e-06
1.470778706649831405e-06
1.470707699988675103e-06
1.470635995388085478e-06
1.470563607406346231e-06
1.470490606631029972e-06
1.470416793064337838e-06
1.470342296408982910e-06
1.470267101812692023e-06
1.470191094573377152e-06
1.470114404242161916e-06
1.470037001415645182e-06
1.469958800942537133e-06
1.469879902675327979e-06
1.469800206613806659e-06
1.469719598354501743e-06
1.469638307144940489e-06
1.469556203738256899e-06
1.469473302684286580e-06
1.469389604276511203e-06
1.469304993674641693e-06
1.469219600265046987e-06
1.469133294956024394e-06
1.469046206983551515e-06
1.468958206965505801e-06
1.468869295197825108e-06
1.468779600764352505e-06
1.468688894582153002e-06
1.468597305878353975e-06
1.468504705426565179e-06
1.468411293375555757e-06
1.468316798800678580e-06
1.468221392774295126e-06
1.468125104514337443e-06
1.468027704657024061e-06
1.467929293204514430e-06
1.467829999809181617e-06
1.467729494966421386e-06
1.467628093501195838e-06
1.467525595413101695e-06
1.467422000701427450e-06
1.467317294839004521e-06
1.467211507172463142e-06
1.467104593684701346e-06
1.466996498538137497e-06
1.466887307206376931e-06
1.466777004874099773e-06
1.466665406504074126e-06
1.466552697136262299e-06
1.466438706542222700e-06
1.466323505244305557e-06
1.466206993391804721e-06
1.466089200309051225e-06
1.465970196818550948e-06
1.465849897141738957e-06
1.465728301277675043e-06
1.465605294569492155e-06
1.465481106475814253e-06
1.465355493031501575e-06
1.465228598199819885e-06
1.465100307325061717e-06
1.464970606049449197e-06
1.464839494229264764e-06
1.464706901161658646e-06
1.464572897842830359e-06
1.464437398920123672e-06
1.464300404392315048e-06
1.464161799763098458e-06
1.464021699529023876e-06
1.463880103981607219e-06
1.463736798482397262e-06
1.463591897816466907e-06
1.463445401982382974e-06
1.463297196345853955e-06
1.463147295833980544e-06
1.462995600299036020e-06
1.462842195257172606e-06
1.462686995484684887e-06
1.462530001126147834e-06
1.462371097409994275e-06
1.462210299253833687e-06
1.462047706801884168e-06
1.461883105287484622e-06
1.461716495006045413e-06
1.461547905337718738e-06
1.461377206901791725e-06
1.461204400139690723e-06
1.461029599518444279e-06
1.460852505182373859e-06
1.460673302668211563e-06
1.460491806876287093e-06
1.460308103054818152e-06
1.460122006100389285e-06
1.459933501411025350e-06
1.459742603879119442e-06
1.459549298906359623e-06
1.459353401381423599e-06
1.459154996563689578e-06
1.458953999483530054e-06
1.458750295696248716e-06
1.458543899644260875e-06
1.458334797324246747e-06
1.458122803174624829e-06
1.457907902904298009e-06
1.457689996807658578e-06
1.457469199316155253e-06
1.457245295999424215e-06
1.457018500992957631e-06
1.456788499871073719e-06
1.456555392927840448e-06
1.456319094875066935e-06
1.456079505854167510e-06
1.455836596889459218e-06
1.455590297394056183e-06
1.455340392955570108e-06
1.455086998418320249e-06
1.454829999374422769e-06
1.454569195972006702e-06
1.454304603192779895e-06
1.454036106636075234e-06
1.453763706449331721e-06
1.453487103071072470e-06
1.453206396648324553e-06
1.452921402002997246e-06
1.452632004892464110e-06
1.452338105608784286e-06
1.452039604443821670e-06
1.451736401834413661e-06
1.451428398071922289e-06
1.451115393447632988e-06
1.450797302760431771e-06
1.450473997571906201e-06
1.450145307185034792e-06
1.449811202883384269e-06
1.449471299896652159e-06
1.449125598368863711e-06
1.448773999023525939e-06
1.448416202149159626e-06
1.448051993842882462e-06
1.447681303646274881e-06
1.447303903178423857e-06
1.446919492881879511e-06
1.446528002563247027e-06
1.446129103717852821e-06
1.445722497076026034e-06
1.445308197820185961e-06
1.444885706233670083e-06
1.444455093709253237e-06
1.444016203586647264e-06
1.443568593693625679e-06
1.443111993488678493e-06
1.442646203828494316e-06
1.442170896869191141e-06
1.441685602327456977e-06
1.441190006932123784e-06
1.440683797141970997e-06
1.440166603072451040e-06
1.439637797210269730e-06
1.439096994967477449e-06
1.438543898066740764e-06
1.437977693417369250e-06
1.437397997128078403e-06
1.436804196545635042e-06
1.436195493256343899e-06
1.435571403917099927e-06
1.434931101820783471e-06
1.434273803623262218e-06
1.433598597564889044e-06
1.432904600709860657e-06
1.432190701731947709e-06
1.431455803928200571e-06
1.430698696711252561e-06
1.429917898544486312e-06
1.429111999411205500e-06
1.428279304457230759e-06
1.427417705256179866e-06
1.426525293829849588e-06
1.425599605845528091e-06
1.424638305216597782e-06
1.423638600087411112e-06
1.422596901142487275e-06
1.421508993163963107e-06
1.420369805866410983e-06
1.419173001599407632e-06
1.417910904238277111e-06
1.416573502304056383e-06
1.415147594272048424e-06
1.413615194324052106e-06
1.411949701200580752e-06
1.410109006614821101e-06
1.408016799553940238e-06
1.405495496633135210e-06
1.402217706705825311e-06
1.398351599368504332e-06
4.124331907698093144e-11
3.686081800792099400e-11
3.287848388473925532e-11
2.926628702279620747e-11
2.599568908165699220e-11
2.304019108426027727e-11
2.037449304881209806e-11
1.797509398973846643e-11
1.581999507635156589e-11
1.388839598130874232e-11
1.216119701192890511e-11
1.062009801986414910e-11
9.248618112835152285e-12
8.031018496747509864e-12
6.952878776033963099e-12
6.000799113927970545e-12
5.162409284300378961e-12
4.426269402313140646e-12
3.781889611603700059e-12
3.219609714970510292e-12
2.730569687217871602e-12
2.306709788761710394e-12
1.940649908007442512e-12
1.625699903839056671e-12
1.355769899838186358e-12
1.125369896318439846e-12
9.295629627409765572e-13
7.638939689175913747e-13
6.243839822926609473e-13
5.074799791139367931e-13
4.100279909704505682e-13
3.292329886980717179e-13
2.626299898226295121e-13
2.080600004653037096e-13
1.636320007873213253e-13
1.277039996270624734e-13
9.885749890789459193e-14
7.587049906098427548e-14
5.769940013332384526e-14
4.345700015696827727e-14
3.239480015321242790e-14
2.388509989689509865e-14
1.740599993893997214e-14
1.252689996458592227e-14
8.895619979914055163e-15
6.226919988877685048e-15
4.291989993998105387e-15
2.909359996850289432e-15
1.936809998396259200e-15
1.264329999209789528e-15
8.079169996243096968e-16
5.044119998282086572e-16
3.070389999247170201e-16
1.817809999685111230e-16
1.043899999874868849e-16
5.796239999530105970e-17
3.100339999834290775e-17
1.590689999945518030e-17
7.789379999834410155e-18
3.618999999953940001e-18
1.584159999988414080e-18
6.478999999974015699e-19
2.450929999994892900e-19
8.470049999991389070e-20
2.633309999998786049e-20
7.224209999998616416e-21
1.705859999999877680e-21
3.357109999999920874e-22
5.278319999999964998e-23
6.270799999999990694e-24
5.241109999999998780e-25
2.852910000000000284e-26
1.009240000000000085e-27
2.893639999999999895e-29
5.409000000000000353e-31
7.503070000000000251e-35
0.000000000000000000e+00
0.000000000000000000e+00
