4.777692399999999826e-207
4.209361299999999733e-207
3.710937000000000128e-207
3.273637900000000007e-207
2.889099199999999978e-207
2.553039200000000039e-207
2.259439700000000171e-207
2.001366799999999958e-207
1.773717599999999942e-207
1.572948100000000060e-207
1.395557200000000082e-207
1.239044200000000057e-207
1.100616100000000047e-207
9.782842499999999615e-208
8.699576799999999339e-208
7.742724699999999757e-208
6.893625700000000033e-208
6.142575500000000156e-208
5.475867600000000128e-208
4.885028900000000062e-208
4.362228900000000012e-208
3.901512600000000327e-208
3.493085200000000186e-208
3.129766000000000091e-208
2.805663399999999816e-208
2.517175800000000025e-208
2.259288299999999838e-208
2.029386400000000089e-208
1.824037299999999898e-208
1.640719900000000075e-208
1.476678400000000067e-208
1.330109699999999965e-208
1.198855899999999941e-208
1.081536599999999908e-208
9.765274000000000354e-209
8.822321899999999938e-209
7.978611700000000145e-209
7.225181800000000305e-209
6.554011000000000037e-209
5.952693600000000042e-209
5.412441800000000324e-209
4.925591900000000233e-209
4.487244799999999772e-209
4.092290200000000114e-209
3.735740699999999937e-209
3.413469000000000211e-209
3.123196800000000179e-209
2.860395000000000254e-209
2.622625800000000032e-209
2.407728699999999872e-209
2.213228000000000128e-209
2.036511599999999984e-209
1.876780500000000108e-209
1.731428600000000022e-209
1.599541199999999948e-209
1.479838700000000127e-209
1.371188300000000092e-209
1.273233400000000013e-209
1.184313499999999975e-209
1.103780899999999985e-209
1.029956700000000027e-209
9.628022599999999711e-210
9.011414000000000392e-210
8.448726899999999405e-210
7.933967399999999414e-210
7.462285099999999569e-210
7.030345599999999728e-210
6.635431200000000202e-210
6.273449299999999870e-210
5.941941100000000249e-210
5.638163900000000017e-210
5.360049900000000125e-210
5.106482099999999933e-210
4.874447099999999963e-210
4.663029500000000078e-210
4.470147200000000203e-210
5.120980599999999914e-210
7.168179500000000491e-210
1.034694299999999950e-209
1.562148900000000117e-209
2.516110199999999939e-209
4.429536399999999950e-209
8.904459399999999645e-209
2.205881299999999937e-208
7.934693899999999329e-208
5.707116400000000321e-207
1.788854499999999892e-205
7.099801400000000405e-202
5.858426703664445139e-75
5.295627177919351774e-75
4.798352092972332457e-75
4.358590883614312757e-75
3.969252400181791045e-75
3.624113808521015711e-75
3.317732588575718709e-75
3.045354888616766954e-75
2.802829687577017770e-75
2.586533697086010849e-75
2.393304401146630990e-75
2.220381689086601688e-75
2.065355093991261673e-75
1.926119302497405865e-75
1.800834004146600100e-75
1.687889708116554824e-75
1.585877705256867036e-75
1.493564303765126052e-75
1.409867795808744636e-75
1.333839301912058284e-75
1.264645000303261381e-75
1.201552097652527439e-75
1.143915299030874725e-75
1.091165997991599735e-75
1.042802399338863030e-75
9.983810871772770632e-76
9.575098058630787002e-76
9.198409694355853360e-76
8.850661319412153786e-76
8.529112187209741575e-76
8.231322818170642140e-76
7.955118280228346404e-76
7.698556986311193064e-76
7.459902287535994151e-76
7.237598512569536474e-76
7.030249615074259897e-76
6.836600924282238653e-76
6.655522595737137239e-76
6.485996022488244741e-76
6.327100696678902371e-76
6.178003704220193026e-76
6.037950105380416561e-76
5.906254419486504481e-76
5.782293508716807157e-76
5.665499392724363834e-76
5.555352490690894350e-76
5.451377420894038914e-76
5.353141091657128292e-76
5.260247974488848813e-76
5.172334585305913761e-76
5.089066886096668493e-76
5.010137492871073976e-76
4.935263019672944248e-76
4.864181681980637811e-76
4.796652091869193436e-76
4.732450412845761484e-76
4.671369510856261330e-76
4.613217399232821879e-76
4.557815589715744226e-76
4.504998393934468842e-76
4.454611678455715636e-76
4.406511699003245487e-76
4.360564720861812861e-76
4.316645711631632504e-76
4.274637982068747627e-76
4.234432785246812278e-76
4.195927987524666191e-76
4.159028098493183151e-76
4.123643685356115828e-76
4.089690898609503889e-76
4.057091105563893327e-76
4.025770314826508785e-76
3.995659194384099991e-76
3.966692692488272719e-76
3.938809416220804538e-76
3.911951594641799356e-76
3.886064913377777578e-76
3.861098101756026084e-76
3.837002705630033498e-76
3.813733093440378489e-76
3.791246409829942702e-76
3.769501885697378114e-76
3.748461302694393650e-76
3.728088291917503713e-76
3.708348596830844700e-76
3.689209985829744295e-76
3.670641702102176164e-76
3.652614714196251608e-76
3.635101690550915465e-76
3.618076610184161502e-76
3.601514905147284387e-76
3.585393216649489408e-76
3.569689613773289585e-76
3.554382901326850265e-76
3.539453484385346249e-76
3.524882402832594661e-76
3.510651889885811368e-76
3.496744985783982028e-76
3.483145594602168559e-76
3.469838484962413376e-76
3.456809296482004860e-76
3.444044197928751448e-76
3.431530093188754723e-76
3.419254686431371049e-76
3.407206214816575939e-76
3.395373513804229716e-76
3.383745787421938917e-76
3.372313306408406000e-76
3.361066106446187847e-76
3.349995391074607316e-76
3.339092396506306869e-76
3.328348892916939507e-76
3.317757015893050526e-76
3.307309502344881998e-76
3.296999087892760137e-76
3.286819208699552666e-76
3.276763501527298603e-76
3.266825801586043502e-76
3.257000511090737185e-76
3.247281900730962783e-76
3.237665005002839284e-76
3.228144793432337732e-76
3.218716501564295576e-76
3.209375698417134746e-76
3.200118186968478456e-76
3.190939900794543577e-76
3.181836909769511638e-76
3.172805585062747894e-76
3.163842591185533595e-76
3.154944498851915447e-76
3.146108209622371111e-76
3.137330693979775365e-76
3.128609284995188629e-76
3.119941084484843613e-76
3.111323793934162325e-76
3.102754814812551050e-76
3.094231886688304854e-76
3.085752804079364414e-76
3.077315506912573193e-76
3.068918095921100633e-76
3.060558503965870564e-76
3.052235201284685015e-76
3.043946389487121550e-76
3.035690400218568623e-76
3.027465904232093949e-76
3.019271202790107617e-76
3.011105197140954769e-76
3.002966388520560191e-76
2.994853807799497386e-76
2.986766096510261534e-76
2.978703314771984757e-76
2.970665103823245562e-76
2.962650495008525996e-76
2.954658688605654272e-76
2.946688686068938939e-76
2.938739587954987716e-76
2.930810695107010889e-76
2.922901208067498786e-76
2.915010399096346559e-76
2.907137497732723134e-76
2.899282105075482710e-76
2.891443392428176323e-76
2.883620789654720962e-76
2.875813797537727703e-76
2.868021987884039855e-76
2.860244690296332767e-76
2.852481504962746483e-76
2.844732003904109240e-76
2.836995688383353160e-76
2.829272187094556900e-76
2.821561300203716065e-76
2.813862400579936261e-76
2.806175188327432831e-76
2.798499592374087788e-76
2.790835012865469647e-76
2.783181194837754237e-76
2.775537994118079169e-76
2.767905211394635044e-76
2.760282291589419125e-76
2.752669290612571229e-76
2.745065808582996612e-76
2.737471691141814943e-76
2.729886793180196073e-76
2.722310788402682913e-76
2.714743703742001807e-76
2.707185112499614365e-76
2.699635088273864818e-76
2.692093412103651323e-76
2.684559903586571556e-76
2.677034390031526311e-76
2.669516898443938241e-76
2.662007202284533930e-76
2.654505102122807011e-76
2.647010697992770993e-76
2.639523790191528946e-76
2.632044205334363574e-76
2.624571891259912434e-76
2.617106800558751737e-76
2.609648907195845163e-76
2.602197911194394821e-76
2.594753887406880561e-76
2.587316787560180360e-76
2.579886511964481185e-76
2.572462808704698894e-76
2.565045904438555046e-76
2.557635499174906146e-76
2.550231592667828705e-76
2.542834211119305036e-76
2.535443203603371289e-76
2.528058395626458559e-76
2.520679987697568831e-76
2.513307704697874304e-76
2.505941596540296831e-76
2.498581488931783724e-76
2.491227406530502824e-76
2.483879299685043981e-76
2.476537093623906829e-76
2.469200788340927081e-76
2.461870208693847913e-76
2.454545405609126912e-76
2.447226303522782003e-76
2.439912702913987170e-76
2.432604803526546818e-76
2.425302405834064644e-76
2.418005409821937386e-76
2.410713891366992293e-76
2.403427798741804704e-76
2.396147008229805947e-76
2.388871595683785896e-76
2.381601409174880518e-76
2.374336501216134499e-76
2.367076795437695732e-76
2.359822292291875815e-76
2.352573691284184373e-76
2.345331892629325236e-76
2.338097695838419364e-76
2.330871101359829603e-76
2.323652108707653269e-76
2.316440595394684184e-76
2.309236707336675531e-76
2.302040398717532955e-76
2.294851592448331382e-76
2.287670388965192770e-76
2.280496710590626103e-76
2.273330689343534397e-76
2.266172093612566721e-76
2.259021200567013864e-76
2.251877810181414638e-76
2.244741899982714796e-76
2.237613692982843325e-76
2.230493011233654384e-76
2.223379810026108500e-76
2.216274189546277125e-76
2.209176194604528637e-76
2.202085702714951018e-76
2.195002791898024440e-76
2.187927406313482973e-76
2.180859602100166986e-76
2.173799301393839560e-76
2.166746603943695044e-76
2.159701409718223873e-76
2.152663797589877242e-76
2.145633710431426802e-76
2.138611105440198527e-76
2.131596103893786305e-76
2.124588606183402304e-76
2.117588590883780901e-76
2.110596200380751124e-76
2.103611192777671493e-76
2.096633809966977315e-76
2.089663809908767490e-76
2.082701393191023648e-76
2.075746401080218249e-76
2.068798992368406886e-76
2.061859108253002973e-76
2.054926707593570556e-76
2.048001890760848601e-76
2.041084598332841668e-76
2.034174789989011876e-76
2.027272606233660055e-76
2.020378006409244889e-76
2.013490890678945936e-76
2.006611399739139981e-76
1.999739293141893695e-76
1.992874791175351024e-76
1.986017793792502247e-76
1.979168300946041805e-76
1.972326293062736290e-76
1.965491809608306207e-76
1.958664591568731981e-76
1.951844898054986248e-76
1.945032609555361336e-76
1.938227606440729883e-76
1.931430008565118936e-76
1.924639696241755796e-76
1.917856608556133338e-76
1.911080806834979868e-76
1.904312191417264367e-76
1.897550800400002992e-76
1.890796895896592033e-76
1.884051896326286755e-76
1.877316901636456661e-76
1.870592193068894252e-76
1.863877608236288336e-76
1.857173291168211920e-76
1.850479197726500943e-76
1.843795509218424234e-76
1.837122207586211923e-76
1.830459292788905602e-76
1.823806801446460807e-76
1.817164897323497492e-76
1.810533598664912191e-76
1.803912905411016772e-76
1.797302899709195999e-76
1.790703599423930013e-76
1.784115104852614393e-76
1.777537398157048907e-76
1.770970597357888772e-76
1.764414702390075919e-76
1.757869795610247061e-76
1.751335895013420966e-76
1.744813100356639477e-76
1.738301394364078597e-76
1.731800894653930413e-76
1.725311601328489694e-76
1.718833596955773501e-76
1.712366899126178699e-76
1.705911607936411908e-76
1.699467806146804849e-76
1.693035394215744188e-76
1.686614606159684735e-76
1.680205307935273158e-76
1.673807800160015537e-76
1.667421899450417131e-76
1.661047805892566436e-76
1.654685503022613638e-76
1.648335107760690620e-76
1.641996703434892452e-76
1.635670206833829784e-76
1.629355801574772067e-76
1.623053604313102238e-76
1.616763698788558810e-76
1.610486101524485818e-76
1.604220896222059620e-76
1.597968299434318919e-76
1.591728195303924183e-76
1.585500699613296042e-76
1.579285897102325632e-76
1.573083903424918118e-76
1.566894603121410425e-76
1.560718296582026809e-76
1.554554899270602593e-76
1.548406395749159552e-76
1.542274401051059626e-76
1.536158999864049253e-76
1.530060392570944320e-76
1.523978894636965478e-76
1.517914606102775297e-76
1.511867696769743092e-76
1.505838397304097187e-76
1.499826892740237445e-76
1.493833398376202948e-76
1.487857999360220468e-76
1.481901095896319029e-76
1.475962703240328234e-76
1.470043206709129938e-76
1.464142806495376473e-76
1.458261703081160936e-76
1.452400196650184171e-76
1.446558501994225485e-76
1.440736904852401304e-76
1.434935705541578072e-76
1.429155004373785682e-76
1.423395301798601961e-76
1.417656798116784230e-76
1.411939693624527114e-76
1.406244402675660974e-76
1.400571097655443583e-76
1.394920306911411510e-76
1.389292102763023868e-76
1.383686899901342420e-76
1.378105198448804383e-76
1.372547099074902963e-76
1.367013002028373533e-76
1.361503394210887023e-76
1.356018603415403834e-76
1.350559002965962433e-76
1.345124993382657386e-76
1.339717002373978104e-76
1.334335503430442772e-76
1.328980897312135888e-76
1.323653798003664944e-76
1.318355605687781379e-76
1.313088594281367553e-76
1.307854303248448278e-76
1.302653494309227516e-76
1.297486794145739462e-76
1.292355003429651435e-76
1.287258697205489917e-76
1.282198902069981683e-76
1.277176206143217260e-76
1.272191597476225942e-76
1.267245802703541930e-76
1.262339797553837742e-76
1.257474395602611769e-76
1.252650698316562658e-76
1.247869694287626630e-76
1.243132297516221484e-76
1.238439597022543331e-76
1.233792794206725747e-76
1.229193203353976277e-76
1.224641901553947573e-76
1.220140203082317864e-76
1.215689497935029519e-76
1.211291300600073251e-76
1.206946901459560424e-76
1.202657903300333564e-76
1.198425897245178041e-76
1.194252398784370194e-76
1.190139299509662428e-76
1.186088303701425535e-76
1.182101204352850937e-76
1.178179894904018115e-76
1.174326704815208824e-76
1.170545504286186207e-76
1.166839700071643724e-76
1.163211800934175346e-76
1.159663794423176756e-76
1.156197904775328334e-76
1.152815901299223235e-76
1.149519303436027920e-76
1.146308801864471081e-76
1.143183895372848563e-76
1.140141595422103293e-76
1.137174500966939177e-76
1.134265505320839248e-76
1.131374399641580510e-76
1.128384397296955033e-76
1.125130405380710878e-76
1.122028199493291922e-76
1.327985002478692762e-123
9.194536301975805864e-124
6.330035777809055614e-124
4.332907503375004689e-124
2.944400709248875964e-124
1.986223407263816770e-124
1.329956903186238241e-124
8.834777094956445087e-125
5.821583528096533646e-125
3.805097194879030369e-125
2.465760102418661345e-125
1.583542002961904570e-125
1.007869501398712556e-125
6.358801197424742263e-126
3.979491186283000631e-126
2.465873405723339861e-126
1.512293595400899967e-126
9.173776504794158021e-127
5.501197316878928581e-127
3.259816115157461248e-127
1.907885791068954619e-127
1.102021594630951086e-127
6.278114425904537575e-128
3.528474308332418871e-128
1.956320999766509497e-128
1.068698096503837282e-128
5.747361816947087655e-129
3.039375995693320270e-129
1.579043605798053302e-129
8.049651485945257399e-130
4.020641509516018200e-130
1.966364892224151180e-130
9.419225093638606974e-131
4.406708109855126435e-131
2.008635309664621932e-131
8.917714873957352504e-132
3.855911996407451722e-132
2.981724802396693331e-143
1.249633602887481368e-143
5.091880418392058875e-144
2.016338509536348919e-144
7.740641566585942611e-145
2.872422789923577524e-145
1.026274497098678527e-145
3.517833492056876601e-146
1.162659797923296328e-146
3.678666794855773247e-147
1.078925298831941467e-147
2.918393697583476574e-148
7.254704595465784603e-149
1.658884199228600734e-149
3.592135598776599923e-150
7.388030298188525875e-151
1.425291899753104719e-151
2.536495899695952810e-152
4.018356899674236830e-153
5.606218099700354224e-154
6.792796499767342219e-155
6.983456199851543557e-156
5.943326199924358459e-157
4.121342499969857635e-158
2.337720399990624300e-159
1.060701999997789822e-160
3.594035599996345700e-162
8.715282299995982582e-164
1.437421899999724601e-165
1.396854599999899877e-167
3.784482399999911061e-180
1.112597399999992700e-182
1.374082699999997903e-185
5.395043999999998381e-189
4.714268299999999532e-193
6.118753899999999727e-198
1.230864900000000050e-203
2.052200099999999881e-210
0.000000000000000000e+00
0.000000000000000000e+00
0.000000000000000000e+00
