0.000000000000000000e+00
0.000000000000000000e+00
0.000000000000000000e+00
0.000000000000000000e+00
0.000000000000000000e+00
0.000000000000000000e+00
0.000000000000000000e+00
0.000000000000000000e+00
0.000000000000000000e+00
0.000000000000000000e+00
0.000000000000000000e+00
0.000000000000000000e+00
0.000000000000000000e+00
0.000000000000000000e+00
0.000000000000000000e+00
0.000000000000000000e+00
0.000000000000000000e+00
0.000000000000000000e+00
0.000000000000000000e+00
0.000000000000000000e+00
0.000000000000000000e+00
0.000000000000000000e+00
0.000000000000000000e+00
0.000000000000000000e+00
0.000000000000000000e+00
0.000000000000000000e+00
0.000000000000000000e+00
0.000000000000000000e+00
0.000000000000000000e+00
0.000000000000000000e+00
0.000000000000000000e+00
0.000000000000000000e+00
0.000000000000000000e+00
0.000000000000000000e+00
0.000000000000000000e+00
0.000000000000000000e+00
0.000000000000000000e+00
0.000000000000000000e+00
0.000000000000000000e+00
0.000000000000000000e+00
0.000000000000000000e+00
0.000000000000000000e+00
0.000000000000000000e+00
0.000000000000000000e+00
0.000000000000000000e+00
0.000000000000000000e+00
0.000000000000000000e+00
0.000000000000000000e+00
0.000000000000000000e+00
0.000000000000000000e+00
0.000000000000000000e+00
0.000000000000000000e+00
0.000000000000000000e+00
0.000000000000000000e+00
0.000000000000000000e+00
0.000000000000000000e+00
0.000000000000000000e+00
0.000000000000000000e+00
0.000000000000000000e+00
0.000000000000000000e+00
0.000000000000000000e+00
0.000000000000000000e+00
0.000000000000000000e+00
0.000000000000000000e+00
0.000000000000000000e+00
0.000000000000000000e+00
0.000000000000000000e+00
0.000000000000000000e+00
0.000000000000000000e+00
0.000000000000000000e+00
0.000000000000000000e+00
0.000000000000000000e+00
0.000000000000000000e+00
0.000000000000000000e+00
0.000000000000000000e+00
0.000000000000000000e+00
0.000000000000000000e+00
0.000000000000000000e+00
0.000000000000000000e+00
0.000000000000000000e+00
0.000000000000000000e+00
0.000000000000000000e+00
0.000000000000000000e+00
0.000000000000000000e+00
0.000000000000000000e+00
0.000000000000000000e+00
0.000000000000000000e+00
0.000000000000000000e+00
6.042250003779426897e-215
4.269350282198516127e-215
3.022790195572820661e-215
2.144863091936601602e-215
1.525370000069861738e-215
1.087326402556521728e-215
7.769069573247984643e-216
5.564284079201261289e-216
3.994656282294484310e-216
2.874554196761526930e-216
2.073324300993328687e-216
1.498816892633165120e-216
1.085896196840801815e-216
7.884168710222610097e-217
5.736103313207950836e-217
4.181518820107668464e-217
3.053987910123358194e-217
2.234472705632881663e-217
1.637624595131669262e-217
1.202102701723214106e-217
8.837163802119150447e-218
6.505559287290088070e-218
4.795276495937441553e-218
3.538813293486459881e-218
2.614420298342456744e-218
1.933423494533631565e-218
1.431112793816876963e-218
1.060178599349474135e-218
7.859718817238719644e-219
5.830744791256213922e-219
4.328106309554293629e-219
3.214386492010962410e-219
2.388336995753297128e-219
1.775264297033887965e-219
1.320001402292446283e-219
9.817597921050892010e-220
7.303523725940653501e-220
5.434181896519405996e-220
4.043801714020668254e-220
3.009400898420364378e-220
2.239682501529926741e-220
1.666831801485313524e-220
1.240451204092620397e-220
9.230703313915282516e-221
6.868193191179863734e-221
5.109584391437867496e-221
3.800541814566716166e-221
2.826236795595309370e-221
2.101178489809704204e-221
1.561700195563365712e-221
1.160385196829827346e-221
8.619190487735750757e-222
6.400016125511742042e-222
4.750473582401869834e-222
3.524726294025235277e-222
2.614197107095975890e-222
1.938062904504057495e-222
1.436172299761164294e-222
1.063768797599711889e-222
7.875590089396303106e-223
5.827839671814234915e-223
4.310368999024993216e-223
3.186380715244282019e-223
2.354243906343745136e-223
1.738482292707414051e-223
1.283065495529671304e-223
9.464156671861168477e-224
6.976934697472254869e-224
5.140344781745606527e-224
3.784949498713116284e-224
2.785247103819687418e-224
2.048325107543776054e-224
1.505432697884114029e-224
1.105726297906085934e-224
8.116237233424287523e-225
5.953595391845360608e-225
4.364331015024208739e-225
3.197173701454073436e-225
2.340569003434316556e-225
1.712300197054843650e-225
1.251809603245691651e-225
9.145201765300358177e-226
6.676391004798989589e-226
4.870578589440584554e-226
3.550639896965621821e-226
2.586526790065150214e-226
1.882819501078290515e-226
1.369553005322904374e-226
9.954618074123963855e-227
7.230082020351233687e-227
5.247252207499371864e-227
3.805292717670637075e-227
2.757458310639376406e-227
1.996604100745331792e-227
1.444556493627194307e-227
1.044321300839216422e-227
7.543765978266409209e-228
5.444955177863532645e-228
3.926901093914481274e-228
2.829780487736296416e-228
2.037512497926422991e-228
1.465851999118436715e-228
1.053707297908496144e-228
7.568110969967464149e-229
5.431131723617818565e-229
3.894271315832548548e-229
2.789926889629282913e-229
1.997045303794984541e-229
1.428266502739271955e-229
1.020597597280821745e-229
7.286544092376087114e-230
5.197663788938849782e-230
3.704350717744950482e-230
2.637734801870153008e-230
1.876562693108886355e-230
1.333846303530424114e-230
9.472334704415053778e-231
6.720702403262900085e-231
4.764052016222549064e-231
3.373963200759478519e-231
2.387283803688830368e-231
1.687584196566609482e-231
1.191852000579239743e-231
8.409546295852408314e-232
5.928078475859677900e-232
4.174882801039545259e-232
2.937388609018957440e-232
2.064729190279460873e-232
1.449930395960493363e-232
1.017211799629836239e-232
7.129409421805297371e-233
4.991963590420920234e-233
3.491907583252810303e-233
2.440205687865100346e-233
1.703574996678709719e-233
1.188132705672145279e-233
8.278185764386414494e-234
5.761950907617298458e-234
4.006505308999811611e-234
2.783051796301045796e-234
1.931229202502486256e-234
1.338754200563481205e-234
9.270857467981237506e-235
6.413402200461762894e-235
4.432043506195551994e-235
3.059595002827371163e-235
2.109918497996631694e-235
1.453471594443813846e-235
1.000193202604802881e-235
6.875340791966850400e-236
4.720927223412021111e-236
3.237969504167266298e-236
2.218338196262543165e-236
1.518061994145745564e-236
1.037660195094253613e-236
7.084705670961915073e-237
4.831551691933723105e-237
3.291142609083882042e-237
2.239231899305837458e-237
1.521741298813193759e-237
1.032925501808239269e-237
7.002942381661392674e-238
4.742119782987169691e-238
3.207316897253894293e-238
2.166633790847054913e-238
1.461841895040554963e-238
9.851070317138892126e-239
6.630273409099386099e-239
4.456986281749977706e-239
2.992332386350773910e-239
2.006475500144867435e-239
1.343724100276941172e-239
8.987426862615896562e-240
6.003525283640391705e-240
4.005158818463381242e-240
2.668530795050407932e-240
1.775662596237015574e-240
1.179997304857694539e-240
7.831239376138210885e-241
5.190455882298986564e-241
3.435599510742088647e-241
2.271005092651254085e-241
1.499162396254792141e-241
9.883044257897239776e-242
6.506398608968418458e-242
4.277554719750324912e-242
2.808365487801583106e-242
1.841247408278248048e-242
1.205500401610548235e-242
7.881618870651213300e-243
5.145795497000514972e-243
3.354862602879142093e-243
2.184128301746646912e-243
1.419903398923286672e-243
9.217490665747803521e-244
5.974971612109474120e-244
3.867445087121020456e-244
2.499617500533667757e-244
1.613169404448152839e-244
1.039535204471976297e-244
6.688783567537325453e-245
4.297338579338394798e-245
2.756717512784552963e-245
1.765716605974831200e-245
1.129227601954015393e-245
7.210566797673869132e-246
4.597063086782983159e-246
2.926242512795872666e-246
1.859749902643076058e-246
1.180072697958474243e-246
7.475987363512695814e-247
4.728565808838634609e-247
2.985980095877555841e-247
1.882506391660872982e-247
1.184877703106038174e-247
7.445493499055910567e-248
4.670805087974543618e-248
2.925254286187533422e-248
1.828960906458792011e-248
1.141587902608756479e-248
7.113341310239654315e-249
4.424787805284522983e-249
2.747646503983262625e-249
1.703232404097125141e-249
1.053965904281209416e-249
6.510491376685279004e-250
4.014489697898413066e-250
2.470990508486863554e-250
1.518205797256905390e-250
9.311156235870295126e-251
5.700126902919604218e-251
3.483115393286642609e-251
2.124467293060639522e-251
1.293365695208338369e-251
7.858913575301792268e-252
4.766067191516875151e-252
2.884748701682961622e-252
1.742607806530248004e-252
1.050578997911343779e-252
6.321043220082584793e-253
3.795536497885506080e-253
2.274445092515483122e-253
1.360156093439150913e-253
8.117202337696285077e-254
4.834165577339364386e-254
2.872944891902316557e-254
1.703792600427651516e-254
1.008283804558753475e-254
5.954130499954151369e-255
3.508457488997476959e-255
2.062857210389373628e-255
1.210235205457434298e-255
7.084524766583711241e-256
4.137942389893902695e-256
2.411478302973110992e-256
1.402167294824459987e-256
8.134410623472652519e-257
4.708193704533989110e-257
2.718795901743291222e-257
1.566336102850887977e-257
9.002668340510205111e-258
5.162110994220500219e-258
2.952874214355987858e-258
1.685061304286458821e-258
9.592486017522592155e-259
5.447318915853875300e-259
3.085758586715809121e-259
1.743652200314554395e-259
9.828058366257326900e-260
5.525563726267423891e-260
3.098684914693343660e-260
1.733249394333486948e-260
9.669845005032185006e-261
5.380798780150769588e-261
2.986312011953310190e-261
1.653008006108360308e-261
9.125488458832182543e-262
5.024220195896215911e-262
2.758686986423397292e-262
1.510592104644919328e-262
8.248835526167780253e-263
4.491882079205728902e-263
2.439179899682906128e-263
1.320773895470405480e-263
7.131348468421675215e-264
3.839392987999592270e-264
2.061058700985185540e-264
1.103174196119805180e-264
5.887253128779835910e-265
3.132456486516027226e-265
1.661689498344126188e-265
8.788116343173377400e-266
4.633522915397196018e-266
2.435481210800384723e-266
1.276157897508046139e-266
6.665892329738544241e-267
3.470837412413448866e-267
1.801440991880904965e-267
9.319724601964595170e-268
4.805814989570418923e-268
2.469887995183964747e-268
1.265030101102726428e-268
6.456889376075286440e-269
3.284203314512565234e-269
1.664585092084065218e-269
8.406905089671275707e-270
4.230631421151886937e-270
2.121278108759605391e-270
1.059744395825136787e-270
5.274776104183423358e-271
2.615716996147309676e-271
1.292245199047097975e-271
6.359894619077138488e-272
3.118091299495492711e-272
1.522805899510112999e-272
7.407979420148961175e-273
3.589523696278381298e-273
1.732358997415493336e-273
8.326929011279656759e-274
3.986202390045654395e-274
1.900389894589019343e-274
9.022274501844152120e-275
4.265403686170706829e-275
2.007962193801420389e-275
9.412012207247247959e-276
4.392592392220278493e-276
2.041034998958459331e-276
9.441706343925649495e-277
4.348104815726659528e-277
1.993323293189810530e-277
9.096243333220387663e-278
4.131721619513293232e-278
1.867937800178574633e-278
8.404918697229735857e-279
3.763755413351921622e-279
1.677269003063866840e-279
7.437958735019395828e-280
3.282089906865803121e-280
1.441014606020558614e-280
6.294889206084009207e-281
2.735836707270211871e-281
1.182902799113650790e-281
5.087896304816201286e-282
2.176862494873488381e-282
9.264036196720529059e-283
3.921196288431293634e-283
1.650662799597403087e-283
6.910214787321135690e-284
2.876668406263082311e-284
1.190760502372113705e-284
4.900791689267265271e-285
2.005317199059104653e-285
8.156611777607651803e-286
3.297466202247222177e-286
1.324830699882751931e-286
5.289502574317348462e-287
2.098495792615182767e-287
8.271874133257067111e-288
3.239405293078685926e-288
1.260243997743784638e-288
4.870052176426997768e-289
1.869232197968144422e-289
7.125310196936113919e-290
2.697209892530885848e-290
1.013806102225709643e-290
3.783405817267085061e-291
1.401729406218492124e-291
5.155401310892846654e-292
1.882058995659218994e-292
6.819161009400894215e-293
2.451936708258122252e-293
8.748243633784840305e-294
3.096831509477542554e-294
1.087552401374230982e-294
3.788511394967340465e-295
1.308945794089585921e-295
4.484945808533505283e-296
1.523779197449193120e-296
5.132889225431925211e-297
1.714041703408885701e-297
5.673407899595483974e-298
1.861110197905133978e-298
6.049879695922380719e-299
1.948533402891233388e-299
6.217188173564514442e-300
1.964909304949017176e-300
6.150200213506453588e-301
1.906201090622443390e-301
5.849434710365195832e-302
1.776915504568271368e-302
5.342797589194191301e-303
1.589823297602228299e-303
4.680657220193758370e-304
1.363044594063804156e-304
3.925084409749123896e-305
1.117479095118180347e-305
3.144814185810597790e-306
8.746361023211092347e-307
2.403510894782217966e-307
6.524667810533421783e-308
1.749320408414230763e-308
4.631073690812872920e-309
1.210307702582073489e-309
3.121832093950494952e-310
7.945447572214917951e-311
1.994872297319015321e-311
4.939578177388248618e-312
1.205952097590524920e-312
2.902152793023196390e-313
6.882699667799020543e-314
1.608203404266364651e-314
3.701186704984879912e-315
8.387436712092585440e-316
1.870996215763581426e-316
4.107100520950448112e-317
8.869150272128719563e-318
1.883338716695164527e-318
3.931576783346303500e-319
8.078961440796063490e-320
1.632392893859478582e-320
3.320121140053176777e-321
5.533535233421961295e-322
0.000000000000000000e+00
0.000000000000000000e+00
0.000000000000000000e+00
0.000000000000000000e+00
0.000000000000000000e+00
0.000000000000000000e+00
0.000000000000000000e+00
0.000000000000000000e+00
0.000000000000000000e+00
0.000000000000000000e+00
0.000000000000000000e+00
0.000000000000000000e+00
0.000000000000000000e+00
0.000000000000000000e+00
0.000000000000000000e+00
0.000000000000000000e+00
0.000000000000000000e+00
0.000000000000000000e+00
0.000000000000000000e+00
0.000000000000000000e+00
0.000000000000000000e+00
0.000000000000000000e+00
0.000000000000000000e+00
0.000000000000000000e+00
0.000000000000000000e+00
0.000000000000000000e+00
0.000000000000000000e+00
0.000000000000000000e+00
0.000000000000000000e+00
0.000000000000000000e+00
0.000000000000000000e+00
0.000000000000000000e+00
0.000000000000000000e+00
0.000000000000000000e+00
0.000000000000000000e+00
0.000000000000000000e+00
0.000000000000000000e+00
0.000000000000000000e+00
0.000000000000000000e+00
0.000000000000000000e+00
0.000000000000000000e+00
0.000000000000000000e+00
0.000000000000000000e+00
0.000000000000000000e+00
0.000000000000000000e+00
0.000000000000000000e+00
0.000000000000000000e+00
0.000000000000000000e+00
0.000000000000000000e+00
0.000000000000000000e+00
0.000000000000000000e+00
0.000000000000000000e+00
0.000000000000000000e+00
0.000000000000000000e+00
0.000000000000000000e+00
0.000000000000000000e+00
0.000000000000000000e+00
0.000000000000000000e+00
0.000000000000000000e+00
0.000000000000000000e+00
0.000000000000000000e+00
0.000000000000000000e+00
0.000000000000000000e+00
0.000000000000000000e+00
0.000000000000000000e+00
0.000000000000000000e+00
0.000000000000000000e+00
0.000000000000000000e+00
0.000000000000000000e+00
0.000000000000000000e+00
0.000000000000000000e+00
0.000000000000000000e+00
0.000000000000000000e+00
0.000000000000000000e+00
0.000000000000000000e+00
0.000000000000000000e+00
0.000000000000000000e+00
0.000000000000000000e+00
0.000000000000000000e+00
0.000000000000000000e+00
0.000000000000000000e+00
0.000000000000000000e+00
0.000000000000000000e+00
0.000000000000000000e+00
0.000000000000000000e+00
0.000000000000000000e+00
0.000000000000000000e+00
0.000000000000000000e+00
0.000000000000000000e+00
0.000000000000000000e+00
0.000000000000000000e+00
0.000000000000000000e+00
0.000000000000000000e+00
0.000000000000000000e+00
0.000000000000000000e+00
0.000000000000000000e+00
