5.512389800000000289e-279
4.630062800000000340e-279
3.892206799999999668e-279
3.274788999999999877e-279
2.756748200000000177e-279
2.325101600000000184e-279
1.965463900000000192e-279
1.663543499999999963e-279
1.408982399999999931e-279
1.194382099999999922e-279
1.013066799999999979e-279
8.601101700000000345e-280
7.306983800000000197e-280
6.213017299999999609e-280
5.285989400000000095e-280
4.502600699999999998e-280
3.836959300000000108e-280
3.273431399999999838e-280
2.794303699999999923e-280
2.387686299999999851e-280
2.043133600000000104e-280
1.752474699999999947e-280
1.505461499999999963e-280
1.294629899999999982e-280
1.114067100000000052e-280
9.597977900000000423e-281
8.273182299999999929e-281
7.138993799999999601e-281
6.165658799999999574e-281
5.330752499999999742e-281
4.612478699999999735e-281
3.995542199999999769e-281
3.464153299999999923e-281
3.007354499999999896e-281
2.613949800000000086e-281
2.273798300000000038e-281
1.980858600000000113e-281
1.729050800000000043e-281
1.513139699999999937e-281
1.326667500000000060e-281
1.165022799999999974e-281
1.024361900000000045e-281
9.020544699999999563e-282
7.955840299999999495e-282
7.026624499999999888e-282
6.214265599999999803e-282
5.506762099999999983e-282
4.886606200000000274e-282
4.343309399999999624e-282
3.867749499999999892e-282
3.450633099999999834e-282
3.083002499999999993e-282
2.760836100000000170e-282
2.476151499999999885e-282
2.225356000000000021e-282
2.004252300000000072e-282
1.809212500000000179e-282
1.638474599999999970e-282
1.487701100000000072e-282
1.354846800000000065e-282
1.236010799999999957e-282
1.130653700000000091e-282
1.036152600000000071e-282
9.519839000000000057e-283
8.767634299999999959e-283
8.093785600000000284e-283
7.490368799999999625e-283
6.950878300000000139e-283
6.466860300000000005e-283
6.032908899999999837e-283
5.643466000000000302e-283
5.294247300000000380e-283
4.982671099999999999e-283
4.703342199999999777e-283
4.454303400000000372e-283
4.231898900000000236e-283
5.373707599999999890e-283
9.440263300000000831e-283
1.738849800000000007e-282
3.435173799999999834e-282
7.512342500000000522e-282
1.890320699999999977e-281
5.869040799999999667e-281
2.539377200000000029e-280
1.989589200000000188e-279
4.696683799999999836e-278
1.139279999999999966e-275
5.299842000000000341e-270
6.743666804218163437e-97
5.872192175515305945e-97
5.127255192490621091e-97
4.489461683122317525e-97
3.942365900180559232e-97
3.472093108163584882e-97
3.066956789439240461e-97
2.717117789843684441e-97
2.414288789299147411e-97
2.151486697576134883e-97
1.922824100921224313e-97
1.723332891529646336e-97
1.548816595494027145e-97
1.395726301809698310e-97
1.261056702903708892e-97
1.142259505492783021e-97
1.037170603438012994e-97
9.439491323796010625e-98
8.610265174403402202e-98
7.870638811282558944e-98
7.209161801728755759e-98
6.616022187074276901e-98
6.082795294846654709e-98
5.602231789688531179e-98
5.168080596723435418e-98
4.774938886499814759e-98
4.418126880911481962e-98
4.093581197488177140e-98
3.797765608329638191e-98
3.527595294710016765e-98
3.280372707241421692e-98
3.053733192410250524e-98
2.845599194940239156e-98
2.654140695565461219e-98
2.477742104303094096e-98
2.314973504963765512e-98
2.164566607688107239e-98
2.025393598702734896e-98
1.896449506575369173e-98
1.776836699067337847e-98
1.665751701137874873e-98
1.562473701392320318e-98
1.466354804837944275e-98
1.376811202075542798e-98
1.293316198339122987e-98
1.215391397963368407e-98
1.142602804379367865e-98
1.074558698325299906e-98
1.010903495097320034e-98
9.513133472974136441e-99
8.954925475535142522e-99
8.431708688002518942e-99
7.941008931654445980e-99
7.480557172288273798e-99
7.048270488052474388e-99
6.642232818029674553e-99
6.260680114549819352e-99
5.901985799018499431e-99
5.564648287443926119e-99
5.247279492935061141e-99
4.948594876066614641e-99
4.667404498944231930e-99
4.402604421062938916e-99
4.153170011191130994e-99
3.918148683564149039e-99
3.696654687120485487e-99
3.487862889629885550e-99
3.291004398807668244e-99
3.105362188972237254e-99
2.930266699003708331e-99
2.765092403792046866e-99
2.609254709609623738e-99
2.462206296539368394e-99
2.323435395600109586e-99
2.192463109029001557e-99
2.068839397166310467e-99
1.952142306720249632e-99
1.841975300837730040e-99
1.737966302550117604e-99
1.639765797179602537e-99
1.547045104011178174e-99
1.459495194462237110e-99
1.376825400989661806e-99
1.298762097184283417e-99
1.225047698953074094e-99
1.155439495561956668e-99
1.089709000624076255e-99
1.027640603994027785e-99
9.690312574810998924e-100
9.136893725718526999e-100
8.614342012311615473e-100
8.120952437711264124e-100
7.655115529536496499e-100
7.215311902693474452e-100
6.800107270000644996e-100
6.408147005149585181e-100
6.038151382604084772e-100
5.688911676871727646e-100
5.359285891694714182e-100
5.048194878122132055e-100
4.754618595161223953e-100
4.477592997307175050e-100
4.216206991631249526e-100
3.969598884247439951e-100
3.736954516250519934e-100
3.517503614300761478e-100
3.310518087694141365e-100
3.115309505920021737e-100
2.931226805621799003e-100
2.757654192652781713e-100
2.594009597285887324e-100
2.439742294807983700e-100
2.294331510990535806e-100
2.157284901529514392e-100
2.028136692552276158e-100
1.906446605045982478e-100
1.791798000835156839e-100
1.683797200817483142e-100
1.582071805387270681e-100
1.486269700334559013e-100
1.396057902157188275e-100
1.311121597332522530e-100
1.231163300598345291e-100
1.155901699429908917e-100
1.085070795581374618e-100
1.018419300253586249e-100
9.557095529344104986e-101
8.967170657783453681e-101
8.412296776563338059e-101
7.890468997128656357e-101
7.399793122632264799e-101
6.938479586685750595e-101
6.504838068802795602e-101
6.097274869678860446e-101
5.714283888859430573e-101
5.354440225562097027e-101
5.016398378418951638e-101
4.698888406211930138e-101
4.400711209885316214e-101
4.120735094523130425e-101
3.857892304999055756e-101
3.611175101519942832e-101
3.379632688327761745e-101
3.162368200227689403e-101
2.958535604135735901e-101
2.767337302557295729e-101
2.588020797542673735e-101
2.419876790749536849e-101
2.262236705891542687e-101
2.114469797529453013e-101
1.975976609799262892e-101
1.846193602376050827e-101
1.724595597094400685e-101
1.610687593788544011e-101
1.504003392889522856e-101
1.404103994244998650e-101
1.310575497811993890e-101
1.223028703375681298e-101
1.141096799646259782e-101
1.064434699169847193e-101
9.927174617378510461e-102
9.256394475760275443e-102
8.629130469042129238e-102
8.042677193113858561e-102
7.494489868339523826e-102
6.982175876312268657e-102
6.503485611314763684e-102
6.056304208311670612e-102
5.638644376911442158e-102
5.248638376058858515e-102
4.884531900352662120e-102
4.544676700936657067e-102
4.227524882415185977e-102
3.931623389286325219e-102
3.655607616851984538e-102
3.398197093697023040e-102
3.158190093307163127e-102
2.934459212080287360e-102
2.725946591694040226e-102
2.531660391366278113e-102
2.350670607349841091e-102
2.182105092938925665e-102
2.025146694940777829e-102
1.879029491995145745e-102
1.743036002402600363e-102
1.616494407463677521e-102
1.498776293489914997e-102
1.389292506246258674e-102
1.287490901720087579e-102
1.192854695558166859e-102
1.104900299355953394e-102
1.023175600878089052e-102
9.472574007575215009e-103
8.767503093351599814e-103
8.112845469852664988e-103
7.505145415210677577e-103
6.941173676885195967e-103
6.417913801370222562e-103
5.932548116358405889e-103
5.482445523584932160e-103
5.065149875417306957e-103
4.678368777506401667e-103
4.319962820034259273e-103
3.987936113494377052e-103
3.680427406368611041e-103
3.395700698904546573e-103
3.132137790994789886e-103
2.888230412629653081e-103
2.662573103784048093e-103
2.453856695754827138e-103
2.260861588965638479e-103
2.082452303892519532e-103
1.917571997352600112e-103
1.765236892180353303e-103
1.624531604258546573e-103
1.494604699810483923e-103
1.374664596460788122e-103
1.263974994031762667e-103
1.161851804102963198e-103
1.067659102439814329e-103
9.808062414118704870e-104
9.007447310757592088e-104
8.269651911988512606e-104
7.589948318257618404e-104
6.963949128287559552e-104
6.387583777125424150e-104
5.857077396933817907e-104
5.368929318440123603e-104
4.919894791110733120e-104
4.506967117362638537e-104
4.127360302114033341e-104
3.778494792717328012e-104
3.457984588704838671e-104
3.163613488279443580e-104
2.893321790907157392e-104
2.645213495291783929e-104
2.417543301410394150e-104
2.208697408276872120e-104
2.017183595989636995e-104
1.841623005851020256e-104
1.680741499063658752e-104
1.533362594954163464e-104
1.398399793254678603e-104
1.274850105920403484e-104
1.161788294554000795e-104
1.058360697016904328e-104
9.637801602419085584e-105
8.773211439666318988e-105
7.983149199938527313e-105
7.261454877228076375e-105
6.602455433252604809e-105
6.000928027060584029e-105
5.452066274283692157e-105
4.951448387907076359e-105
4.495007705541894586e-105
4.079005384943982325e-105
3.700005710676735570e-105
3.354852003230721246e-105
3.040645201949661130e-105
2.754724205013872714e-105
2.494646411225409224e-105
2.258171397471750992e-105
2.043244609933641942e-105
1.847982404700897601e-105
1.670659003051792334e-105
1.509693204393810874e-105
1.363637694129539493e-105
1.231167300222102280e-105
1.111069796185363975e-105
1.002236404764431186e-105
9.036535442849441951e-106
8.143947873374987522e-106
7.336143503817728175e-106
6.605403375633325796e-106
5.944675623794751759e-106
5.347521019760692768e-106
4.808067278309365130e-106
4.320962096470637350e-106
3.881328680898428509e-106
3.484725510715181422e-106
3.127109109920127802e-106
2.804799887015739186e-106
2.514451399673120664e-106
2.253020592273265240e-106
2.017742391065234559e-106
1.806104594354839097e-106
1.615826600772364637e-106
1.444838394918069634e-106
1.291262206312334889e-106
1.153395395035093950e-106
1.029694798973908980e-106
9.187624645136041033e-107
8.193327527226425707e-107
7.302601332384114152e-107
6.505083687297522636e-107
5.791406225837199528e-107
5.153102418430069802e-107
4.582525179346557079e-107
4.072771000858539141e-107
3.617605792149070941e-107
3.211387593738114249e-107
2.849042002483509761e-107
2.526021090640333153e-107
2.238228509890507570e-107
1.981976290574711237e-107
1.753946497845101124e-107
1.551155407755311593e-107
1.370921205661081692e-107
1.210836795229908459e-107
1.068741100847618461e-107
9.426932286115069108e-108
8.309524893872555727e-108
7.319592521955847866e-108
6.443167698957494705e-108
5.667749498176683733e-108
4.982156613550966711e-108
4.376393595462554076e-108
3.841531494268819034e-108
3.369598004564456784e-108
2.953480592624567833e-108
2.586836792634499140e-108
2.264015400462764602e-108
1.979983693580496365e-108
1.730263094658677242e-108
1.510871001163370570e-108
1.318267697665215767e-108
1.149309699413506952e-108
1.001207204657916021e-108
8.714860231520777091e-109
7.579534374104519589e-109
6.586675924055197327e-109
5.719099627010161729e-109
4.961608700474327767e-109
4.300774498582462844e-109
3.724739313213512073e-109
3.223041005887528041e-109
2.786455613119189374e-109
2.406857105034903482e-109
2.077092608678092161e-109
1.790874301730879547e-109
1.542674804099503678e-109
1.327635899005202164e-109
1.141494901080538980e-109
9.805153376908862437e-110
8.414245797021355588e-110
7.213587378717751956e-110
6.178137098493151247e-110
5.286018790301211012e-110
4.518137909836889446e-110
3.857842707685207420e-110
3.290624692793530976e-110
2.803851598684432135e-110
2.386509493448315081e-110
2.029042801382792160e-110
1.723188499847497097e-110
1.461777792902483862e-110
1.238597995641249395e-110
1.048269704214568177e-110
8.861402681066725139e-111
7.481896386605158167e-111
6.309479769459591980e-111
5.314235494223426214e-111
4.470395898077728237e-111
3.755792489599459006e-111
3.151373606918525054e-111
2.640785712052281587e-111
2.210013009804280655e-111
1.847047503902626041e-111
1.541609996444430293e-111
1.284918701771388658e-111
1.069480303602009482e-111
8.889084334328753566e-112
7.377672222578626607e-112
6.114353207726095482e-112
5.059890293278440827e-112
4.181012481121055527e-112
3.449544906563448461e-112
2.841659695243060771e-112
2.337233211580289094e-112
1.919292903817089299e-112
1.573544599887805644e-112
1.287966298550264737e-112
1.052462099290640503e-112
8.585657612739395629e-113
6.991882970270511508e-113
5.684029614316364638e-113
4.612622610129780373e-113
3.736426781618647765e-113
3.021129005353439667e-113
2.438232406268450848e-113
1.964095796027615846e-113
1.579132097618352580e-113
1.267138205466814207e-113
1.014740895580701587e-113
8.109459520142273675e-114
6.467227371747267647e-114
5.146564876778698793e-114
4.086702810845291251e-114
3.237931692970773582e-114
2.559668104132327656e-114
2.018844509710641568e-114
1.588571296848591725e-114
1.247027802660408785e-114
9.765435581076537446e-115
7.628393373323506390e-115
5.944015792011836757e-115
4.619672078852526119e-115
3.581005592845150242e-115
2.768466493344052420e-115
2.134490189977500929e-115
1.641153704478051730e-115
1.258288501596641834e-115
9.619713424301317777e-116
7.332789687544522764e-116
5.572821502760774208e-116
4.222335805106069179e-116
3.189145308751651575e-116
2.401105194480578630e-116
1.801913998165831406e-116
1.347760599444722343e-116
1.004653303135221181e-116
7.462983227480942127e-117
5.524187976106228486e-117
4.074253016706065868e-117
2.993639710961809968e-117
2.191146700134535883e-117
1.597451401282913163e-117
1.159933794421878306e-117
8.387750434643084943e-118
6.039788806806839988e-118
4.330293312943678464e-118
3.090907505027360490e-118
2.196240691110495261e-118
1.553278193763277069e-118
1.093305200929637108e-118
7.657729435922407476e-119
5.336547198309381046e-119
3.699382891138127812e-119
2.550292912196265209e-119
1.903198099140515424e-119
1.513674002825282535e-165
9.847588202116140159e-166
6.366323377681842434e-166
4.089566803185460526e-166
2.604437808180993100e-166
1.644327606013469946e-166
1.029168602465626045e-166
6.381035596357225505e-167
3.918797118913172844e-167
2.383971596791607473e-167
1.435641601408219306e-167
8.554159315999956022e-168
5.043729606999644082e-168
2.944306598807582553e-168
1.703621794127746928e-168
9.744305322616720313e-169
5.507086983252164990e-169
3.072717701605783272e-169
1.691366405189498299e-169
9.180792742688761246e-170
4.911504577008650719e-170
2.586949487396382802e-170
1.340484005531058584e-170
6.837812416147353138e-171
3.434157799590126772e-171
1.695311794453919270e-171
8.217804424231612485e-172
3.905626794465876012e-172
1.817825206674829762e-172
8.273134585555055885e-173
3.674537908696862944e-173
1.591737793705586915e-173
6.730643795454374605e-174
2.767100706188321967e-174
1.102368505304086341e-174
4.255912087571342399e-175
1.592909198515888487e-175
8.026516406451668502e-187
2.888372106674053018e-187
1.006127503634169349e-187
3.392063816042893254e-188
1.103554295236282836e-188
3.452022387890349690e-189
1.033048297079528746e-189
2.944567593351287615e-190
8.057838485607360153e-191
2.097237997067234581e-191
4.961837294628250801e-192
1.060482999121885963e-192
2.039699898725180784e-193
3.539842398353934584e-194
5.787812098028802085e-195
8.969216897800834799e-196
1.296344099775441665e-196
1.709845999795042321e-197
1.960411699841072263e-198
1.929424199896874499e-199
1.603144699945091300e-200
1.091860999976788792e-201
5.910787099924771815e-203
2.499656199981718271e-204
8.358280899966478839e-206
2.156946199995505498e-207
3.929573899996005072e-209
4.811239599997782442e-211
3.735117699999284392e-213
1.525016499999890444e-215
1.256544699999970401e-228
1.198666299999991991e-231
4.051861899999993666e-235
3.443426499999999028e-239
4.713323100000000193e-244
6.067334599999999703e-250
7.399141500000000216e-257
4.307046699999999831e-265
0.000000000000000000e+00
0.000000000000000000e+00
0.000000000000000000e+00
