0.000000000000000000e+00
0.000000000000000000e+00
0.000000000000000000e+00
0.000000000000000000e+00
0.000000000000000000e+00
0.000000000000000000e+00
0.000000000000000000e+00
0.000000000000000000e+00
0.000000000000000000e+00
0.000000000000000000e+00
0.000000000000000000e+00
0.000000000000000000e+00
0.000000000000000000e+00
0.000000000000000000e+00
0.000000000000000000e+00
0.000000000000000000e+00
0.000000000000000000e+00
0.000000000000000000e+00
0.000000000000000000e+00
0.000000000000000000e+00
0.000000000000000000e+00
0.000000000000000000e+00
0.000000000000000000e+00
0.000000000000000000e+00
0.000000000000000000e+00
0.000000000000000000e+00
0.000000000000000000e+00
0.000000000000000000e+00
0.000000000000000000e+00
0.000000000000000000e+00
0.000000000000000000e+00
0.000000000000000000e+00
0.000000000000000000e+00
0.000000000000000000e+00
0.000000000000000000e+00
0.000000000000000000e+00
0.000000000000000000e+00
0.000000000000000000e+00
0.000000000000000000e+00
0.000000000000000000e+00
0.000000000000000000e+00
0.000000000000000000e+00
0.000000000000000000e+00
0.000000000000000000e+00
0.000000000000000000e+00
0.000000000000000000e+00
0.000000000000000000e+00
0.000000000000000000e+00
0.000000000000000000e+00
0.000000000000000000e+00
0.000000000000000000e+00
0.000000000000000000e+00
0.000000000000000000e+00
0.000000000000000000e+00
0.000000000000000000e+00
0.000000000000000000e+00
0.000000000000000000e+00
0.000000000000000000e+00
0.000000000000000000e+00
0.000000000000000000e+00
0.000000000000000000e+00
0.000000000000000000e+00
0.000000000000000000e+00
0.000000000000000000e+00
0.000000000000000000e+00
0.000000000000000000e+00
0.000000000000000000e+00
0.000000000000000000e+00
0.000000000000000000e+00
0.000000000000000000e+00
0.000000000000000000e+00
0.000000000000000000e+00
0.000000000000000000e+00
0.000000000000000000e+00
0.000000000000000000e+00
0.000000000000000000e+00
0.000000000000000000e+00
0.000000000000000000e+00
0.000000000000000000e+00
0.000000000000000000e+00
0.000000000000000000e+00
0.000000000000000000e+00
0.000000000000000000e+00
0.000000000000000000e+00
0.000000000000000000e+00
0.000000000000000000e+00
0.000000000000000000e+00
0.000000000000000000e+00
6.597552104126768665e-181
4.931863079436102199e-181
3.694905894588439623e-181
2.774707989568762253e-181
2.088760800095664651e-181
1.576307503706214022e-181
1.192580795893466947e-181
9.045552366188627554e-182
6.878290869513351974e-182
5.243419794092762705e-182
4.007020401919762194e-182
3.069586084912677082e-182
2.357017893142726932e-182
1.814010702352045758e-182
1.399188103221770437e-182
1.081518605200698242e-182
8.376710327767115979e-183
6.500589316387332980e-183
5.053923484975694464e-183
3.936022605642288019e-183
3.070404200736282090e-183
2.398826495313412648e-183
1.876827098409951725e-183
1.470379697293618821e-183
1.153382399268755521e-183
9.057654674391291905e-184
7.120628569235323832e-184
5.603302096561812195e-184
4.413239309679556592e-184
3.478763394783245701e-184
2.744189806057798177e-184
2.166181094616172705e-184
1.710952096957755415e-184
1.352122497740873379e-184
1.069063501856642344e-184
8.456211418131807140e-185
6.691292823766133198e-185
5.296443996607626932e-185
4.193517214539761547e-185
3.321030498256790060e-185
2.630567901796940431e-185
2.083968901857024474e-185
1.651132105447579644e-185
1.308296101972256337e-185
1.036691398668680587e-185
8.214778486234494426e-186
6.509205824948483368e-186
5.157421791962157145e-186
4.085999580183718864e-186
3.236786990804611460e-186
2.563714892995930414e-186
2.030277297111117875e-186
1.607539806407974610e-186
1.272565195285781954e-186
1.007167898292749455e-186
7.969283021631820023e-187
6.304121714650777887e-187
4.985521999170906935e-187
3.941581491106215228e-187
3.115283595805581536e-187
2.461419388095590724e-187
1.944144499560233721e-187
1.535043207343953546e-187
1.211591803264755002e-187
9.559394359900249781e-188
7.539416273731919220e-188
5.943927082327514040e-188
4.684173398302923073e-188
3.689875386896513503e-188
2.905395999012164527e-188
2.286702803135983661e-188
1.798957206625379073e-188
1.414603698011774198e-188
1.111855197894479431e-188
8.734907235972094381e-189
6.859015890605205176e-189
5.383384418532299564e-189
4.223142401920684011e-189
3.311308504858682655e-189
2.595039695536531343e-189
2.032665005270293406e-189
1.591336893961990136e-189
1.245174100895030899e-189
9.737934478888156043e-190
7.611491393495218067e-190
5.946153677160823047e-190
4.642622502658828549e-190
3.622838314080522528e-190
2.825467892655478114e-190
2.202344306199158352e-190
1.715659402452019995e-190
1.335751406202828388e-190
1.039361504010272248e-190
8.082612103017236321e-191
6.281723272287548678e-191
4.879166503920897815e-191
3.787477789088276299e-191
2.938259088054506767e-191
2.278051396469703450e-191
1.765095992350426686e-191
1.366792398609015158e-191
1.057703999363896710e-191
8.179960083763594684e-192
6.322104774911990673e-192
4.883079121234556804e-192
3.769167915323928071e-192
2.907468289192357849e-192
2.241302104259145347e-192
1.726632303311507582e-192
1.329264996458439155e-192
1.022665698929984650e-192
7.862568183267665622e-193
6.040904528937743823e-193
4.638147603288445306e-193
3.558692086931770674e-193
2.728586807222023324e-193
2.090667200974459579e-193
1.600774000777175378e-193
1.224817604170748590e-193
9.364990502108058009e-194
7.155435511056577155e-194
5.463310388884893056e-194
4.168358202025821384e-194
3.178057998432580723e-194
2.421277190140074698e-194
1.843365200458997677e-194
1.402363804305817619e-194
1.066082394980990332e-194
8.098410777437826141e-195
6.147323997762986766e-195
4.662812214261210456e-195
3.534137993218341443e-195
2.676647187162799426e-195
2.025675589926517218e-195
1.531859297013486600e-195
1.157540705526099171e-195
8.740177862398878354e-196
6.594305408717671573e-196
4.971423711167307338e-196
3.745015195022499835e-196
2.818938303652779315e-196
2.120190400892387515e-196
1.593380594496941220e-196
1.196513500086148714e-196
8.977742912549982923e-197
6.730792506219923748e-197
5.042114595212510615e-197
3.774024085573037042e-197
2.822539307350738773e-197
2.109191497535619935e-197
1.574797907809737735e-197
1.174785201511948306e-197
8.756180885247584381e-198
6.520658874853730939e-198
4.851617177063008361e-198
3.606597485217637628e-198
2.678691595527923360e-198
1.987739305486358655e-198
1.473687999543156386e-198
1.091588199148670248e-198
8.078244414141773664e-199
5.972796984359034486e-199
4.412033684171386778e-199
3.256100897212125678e-199
2.400780889857900333e-199
1.768481294000249952e-199
1.301485502264324318e-199
9.569003213132497510e-200
7.028783671219238598e-200
5.157952376472514103e-200
3.781427000273018784e-200
2.769573500570808316e-200
2.026498791570575062e-200
1.481335995963359038e-200
1.081762904986818659e-200
7.891859285362176319e-201
5.751653787811094350e-201
4.187643817239272091e-201
3.045844290719311898e-201
2.213115292452612390e-201
1.606408905022758447e-201
1.164826396230738142e-201
8.437556478921293883e-202
6.105480373990041466e-202
4.413345406083353885e-202
3.186828714714224987e-202
2.298745490015168793e-202
1.656389307447125964e-202
1.192258301592856607e-202
8.572586468078257377e-203
6.157210496410960513e-203
4.417573303791160544e-203
3.165980202531833175e-203
2.266492398281318136e-203
1.620760893977252210e-203
1.157708402346327444e-203
8.260224872492623925e-204
5.886998501256872561e-204
4.190850911555851473e-204
2.979981612819582559e-204
2.116532189727834153e-204
1.501526192780661666e-204
1.063982404934324529e-204
7.530542725481847771e-205
5.323596809211951173e-205
3.758960898787358480e-205
2.651007492378087906e-205
1.867373908165652160e-205
1.313788501867156005e-205
9.231880284028845655e-206
6.479209168377570950e-206
4.541691008489328092e-206
3.179607495610233972e-206
2.223239890151491712e-206
1.552575004069919796e-206
1.082851299862694266e-206
7.542780380580355902e-207
5.247313575223233340e-207
3.645708112874452646e-207
2.529662005780783351e-207
1.752972702523403961e-207
1.213154801448870491e-207
8.384592912155143806e-208
5.787202113921113426e-208
3.989077116203630844e-208
2.745929990166550037e-208
1.887625499011827364e-208
1.295828704450652858e-208
8.883429783949416875e-209
6.081504323428385216e-209
4.157520902129481718e-209
2.838224594529605531e-209
1.934841193680034171e-209
1.317111995120363018e-209
8.952908671863692299e-210
6.076583389184287531e-210
4.118165902402537171e-210
2.786714610442933487e-210
1.882870896256664203e-210
1.270232104035654267e-210
8.556086095233403360e-211
5.754290681064354526e-211
3.863917381362007433e-211
2.590467912030132304e-211
1.733954791871913097e-211
1.158780696733860357e-211
7.731494401940604330e-212
5.150139223285324052e-212
3.425014699973626457e-212
2.273989392868769057e-212
1.507271407591221361e-212
9.973920944976397617e-213
6.588798568921953112e-213
4.345169489387791697e-213
2.860629603526869384e-213
1.880031793060614053e-213
1.233421503559160686e-213
8.077829907778947422e-214
5.280909903386117942e-214
3.446256806272531107e-214
2.244942510101791747e-214
1.459739398365675445e-214
9.474399746061687854e-215
6.138016315613884679e-215
3.969154007250452786e-215
2.561857507456029412e-215
1.650412692894973205e-215
1.061216900191443306e-215
6.810563276617292244e-216
4.362369820737832932e-216
2.788789013223879536e-216
1.779326594182846788e-216
1.133017100589621911e-216
7.200349973438627037e-217
4.566688118279081432e-217
2.890495410681246962e-217
1.825823891763160572e-217
1.150942399059910053e-217
7.240169864368226903e-218
4.545029013975508177e-218
2.847144409031995893e-218
1.779751791760994428e-218
1.110142099855681333e-218
6.909694876303199676e-219
4.291334180997542508e-219
2.659321491688024307e-219
1.644319500785984261e-219
1.014448896431878675e-219
6.244453530526009654e-220
3.835046083491659868e-220
2.349904197658319968e-220
1.436562707057401361e-220
8.761635529114912384e-221
5.331178623641644428e-221
3.236158993680751524e-221
1.959729108742938988e-221
1.183893704234195461e-221
7.134615967844283804e-222
4.289041800904128666e-222
2.571990694418265233e-222
1.538408097000257632e-222
9.177867808000345063e-223
5.460962379765493985e-223
3.240728714320455332e-223
1.918010790878899443e-223
1.132095198609107834e-223
6.663875533317378013e-224
3.911750716153181927e-224
2.289848090979143245e-224
1.336671301060113729e-224
7.780605488539944571e-225
4.516069796669849302e-225
2.613688807840020094e-225
1.508274599755961078e-225
8.678155597208234673e-226
4.978309213540502181e-226
2.847282197047937357e-226
1.623528597577857481e-226
9.229041912501658189e-227
5.230060386939491557e-227
2.954583191587414440e-227
1.663837900340088140e-227
9.339779869718562769e-228
5.225869183867740738e-228
2.914485302244153331e-228
1.620061897130708087e-228
8.975372695419864966e-229
4.955746123055617120e-229
2.727002709863295441e-229
1.495430094890862860e-229
8.172114929845379198e-230
4.450145721017147391e-230
2.414730700230847343e-230
1.305572399569683018e-230
7.033214024950325086e-231
3.774938006895678651e-231
2.018604409503992835e-231
1.075375202249577156e-231
5.707132023844395888e-232
3.017244702916166505e-232
1.588998404222603918e-232
8.335614593754122460e-233
4.355451804122869384e-233
2.266679994661968017e-233
1.174866199584097202e-233
6.064672682107394183e-234
3.117643199239606054e-234
1.595969697071714318e-234
8.135437917712474327e-235
4.129275308225928957e-235
2.086803995429898668e-235
1.049978299507349918e-235
5.259211785561884451e-236
2.622121601786975343e-236
1.301221299884841463e-236
6.426722868795687850e-237
3.158940588883371102e-237
1.545182406212405575e-237
7.521023583930579528e-238
3.642545493478749664e-238
1.755235291503958635e-238
8.414705690853215094e-239
4.013157298274341237e-239
1.903912394727685379e-239
8.984431319724417679e-240
4.216831919245198712e-240
1.968378008732314994e-240
9.137565019306759165e-241
4.218121290271324561e-241
1.936156402669184866e-241
8.836089529759948708e-242
4.009063615482601964e-242
1.808227805533900177e-242
8.106887810243861644e-243
3.612507695201144148e-243
1.599849192776040391e-243
7.040868813396659470e-244
3.079008794845738501e-244
1.337805006628422334e-244
5.774718911484759564e-245
2.476185399823447035e-245
1.054646698812889473e-245
4.461272396993101668e-246
1.874104902780796394e-246
7.817483166760058307e-247
3.237662208154699553e-247
1.331190502923427280e-247
5.433059773272061065e-248
2.200872303899944900e-248
8.848072122747505775e-249
3.529903792860769111e-249
1.397285397892613736e-249
5.487072823672877020e-250
2.137127890692593768e-250
8.254161520501685520e-251
3.160863986191448123e-251
1.199955994585798403e-251
4.515296011982691932e-252
1.683843496344543815e-252
6.222192410045106626e-253
2.277934810956866129e-253
8.260827783612166834e-254
2.966995206329787019e-254
1.055226997955180932e-254
3.715640587006404112e-255
1.295094198259522777e-255
4.467535179548962838e-256
1.524933096953183443e-256
5.149497687619577271e-257
1.720029791923599604e-257
5.681821315503416898e-258
1.855783302354802729e-258
5.991835615136573855e-259
1.911999696752277249e-259
6.028524202986529679e-260
1.877703402270706022e-260
5.776046515850625621e-261
1.754342795967291747e-261
5.259783994646063725e-262
1.556244199358826988e-262
4.542842114176845489e-263
1.307970304816338843e-263
3.713343983938672051e-264
1.039186004261078083e-264
2.865366610492112016e-265
7.780812500477740626e-266
2.080151101670569311e-266
5.473474173678062109e-267
1.417006405852519613e-267
3.607977404066189613e-268
9.031831326997044452e-269
2.221980603614051039e-269
5.370136978263832227e-270
1.274486794882680427e-270
2.969002402524541857e-271
6.786217231834144225e-272
1.521247899518068699e-272
3.342847791992206946e-273
7.196662234416596238e-274
2.156382599026177387e-274
1.003378157513153957e-317
5.375928292398603647e-318
2.854829877425724431e-318
1.505003007735771573e-318
7.825604577608672263e-319
4.046397639439809197e-319
2.055313086699585624e-319
9.968268470492990275e-320
4.958442821662750317e-320
2.389301463288268288e-320
1.079039370517282452e-320
4.367540309236619451e-321
7.707424075123446089e-322
0.000000000000000000e+00
0.000000000000000000e+00
0.000000000000000000e+00
0.000000000000000000e+00
0.000000000000000000e+00
0.000000000000000000e+00
0.000000000000000000e+00
0.000000000000000000e+00
0.000000000000000000e+00
0.000000000000000000e+00
0.000000000000000000e+00
0.000000000000000000e+00
0.000000000000000000e+00
0.000000000000000000e+00
0.000000000000000000e+00
0.000000000000000000e+00
0.000000000000000000e+00
0.000000000000000000e+00
0.000000000000000000e+00
0.000000000000000000e+00
0.000000000000000000e+00
0.000000000000000000e+00
0.000000000000000000e+00
0.000000000000000000e+00
0.000000000000000000e+00
0.000000000000000000e+00
0.000000000000000000e+00
0.000000000000000000e+00
0.000000000000000000e+00
0.000000000000000000e+00
0.000000000000000000e+00
0.000000000000000000e+00
0.000000000000000000e+00
0.000000000000000000e+00
0.000000000000000000e+00
0.000000000000000000e+00
0.000000000000000000e+00
0.000000000000000000e+00
0.000000000000000000e+00
0.000000000000000000e+00
0.000000000000000000e+00
0.000000000000000000e+00
0.000000000000000000e+00
0.000000000000000000e+00
0.000000000000000000e+00
0.000000000000000000e+00
0.000000000000000000e+00
0.000000000000000000e+00
0.000000000000000000e+00
0.000000000000000000e+00
0.000000000000000000e+00
0.000000000000000000e+00
0.000000000000000000e+00
0.000000000000000000e+00
0.000000000000000000e+00
0.000000000000000000e+00
0.000000000000000000e+00
0.000000000000000000e+00
0.000000000000000000e+00
0.000000000000000000e+00
0.000000000000000000e+00
0.000000000000000000e+00
0.000000000000000000e+00
0.000000000000000000e+00
0.000000000000000000e+00
