0.000000000000000000e+00
0.000000000000000000e+00
0.000000000000000000e+00
0.000000000000000000e+00
0.000000000000000000e+00
0.000000000000000000e+00
0.000000000000000000e+00
0.000000000000000000e+00
0.000000000000000000e+00
0.000000000000000000e+00
0.000000000000000000e+00
0.000000000000000000e+00
0.000000000000000000e+00
0.000000000000000000e+00
0.000000000000000000e+00
0.000000000000000000e+00
0.000000000000000000e+00
0.000000000000000000e+00
0.000000000000000000e+00
0.000000000000000000e+00
0.000000000000000000e+00
0.000000000000000000e+00
0.000000000000000000e+00
0.000000000000000000e+00
0.000000000000000000e+00
0.000000000000000000e+00
0.000000000000000000e+00
0.000000000000000000e+00
0.000000000000000000e+00
0.000000000000000000e+00
0.000000000000000000e+00
0.000000000000000000e+00
0.000000000000000000e+00
0.000000000000000000e+00
0.000000000000000000e+00
0.000000000000000000e+00
0.000000000000000000e+00
0.000000000000000000e+00
0.000000000000000000e+00
0.000000000000000000e+00
0.000000000000000000e+00
0.000000000000000000e+00
0.000000000000000000e+00
0.000000000000000000e+00
0.000000000000000000e+00
0.000000000000000000e+00
0.000000000000000000e+00
0.000000000000000000e+00
0.000000000000000000e+00
0.000000000000000000e+00
0.000000000000000000e+00
0.000000000000000000e+00
0.000000000000000000e+00
0.000000000000000000e+00
0.000000000000000000e+00
0.000000000000000000e+00
0.000000000000000000e+00
0.000000000000000000e+00
0.000000000000000000e+00
0.000000000000000000e+00
0.000000000000000000e+00
0.000000000000000000e+00
0.000000000000000000e+00
0.000000000000000000e+00
0.000000000000000000e+00
0.000000000000000000e+00
0.000000000000000000e+00
0.000000000000000000e+00
0.000000000000000000e+00
0.000000000000000000e+00
0.000000000000000000e+00
0.000000000000000000e+00
0.000000000000000000e+00
0.000000000000000000e+00
0.000000000000000000e+00
0.000000000000000000e+00
0.000000000000000000e+00
0.000000000000000000e+00
0.000000000000000000e+00
0.000000000000000000e+00
0.000000000000000000e+00
0.000000000000000000e+00
0.000000000000000000e+00
0.000000000000000000e+00
0.000000000000000000e+00
0.000000000000000000e+00
0.000000000000000000e+00
0.000000000000000000e+00
7.070311104422478962e-150
5.574975876754578441e-150
4.406441193546325435e-150
3.491613786873627028e-150
2.773901700127044137e-150
2.209551905195098215e-150
1.764729393923330421e-150
1.413245094717430862e-150
1.134799894970226309e-150
9.136363289706971536e-151
7.375023503533370574e-151
5.968531870664068089e-151
4.842379285912064177e-151
3.938275305106366851e-151
3.210513207392527552e-151
2.623168012614027437e-151
2.147933207119968561e-151
1.762448604442956052e-151
1.449005495692396026e-151
1.193541801710941819e-151
9.848616702361696359e-152
8.140274884096344348e-152
6.738851594290844998e-152
5.586931589716693127e-152
4.638314597059308281e-152
3.855728689098698095e-152
3.209029086135389117e-152
2.673774498359371180e-152
2.230100704891279026e-152
1.861825697208005799e-152
1.555737503434289972e-152
1.301025896766429656e-152
1.088827398063955728e-152
9.118603484764635315e-153
7.641314613270669931e-153
6.406988813737864006e-153
5.374809219090246026e-153
4.511009397110697687e-153
3.787613413132411982e-153
3.181409798330076403e-153
2.673114601826003717e-153
2.246686502002022088e-153
1.888766606231607283e-153
1.588217302394237301e-153
1.335743498284637791e-153
1.123575498117224170e-153
9.452174736228293879e-154
7.952407887606170578e-154
6.691010067549939533e-154
5.629892884006036592e-154
4.737114187058202889e-154
3.985871194328502935e-154
3.353661613368365059e-154
2.821585189547437009e-154
2.373760295976238238e-154
1.996836705420213021e-154
1.679588203903362469e-154
1.412572199765089103e-154
1.187843897319748690e-154
9.987172486553266968e-155
8.395646759395292805e-155
7.056484398403820068e-155
5.929795228369325772e-155
4.981989513424468180e-155
4.184780282445682963e-155
3.514345287755669443e-155
2.950621291227212639e-155
2.476711199102686954e-155
2.078384292619241241e-155
1.743656099407156560e-155
1.462434602005582545e-155
1.226221304516050225e-155
1.027861298555340749e-155
8.613311283688969503e-156
7.215608829715319738e-156
6.042825191723140849e-156
5.059040717415745825e-156
4.234034301925638096e-156
3.542384705197740760e-156
2.962711794904135156e-156
2.477037906422463381e-156
2.070250292144848947e-156
1.729646701243269869e-156
1.444554196868206055e-156
1.206006698969346589e-156
1.006474296134131991e-156
8.396348604808588353e-157
7.001817927213263654e-157
5.836621884828284424e-157
4.863406713689516206e-157
4.050847105789469801e-157
3.372681315661719635e-157
2.806900410830143800e-157
2.335065300871679332e-157
1.941732791433850999e-157
1.613973801296989110e-157
1.340967696136671945e-157
1.113661295472409604e-157
9.244836285673276520e-158
7.671051466755195897e-158
6.362363393525021743e-158
5.274584996827863966e-158
4.370818391324361300e-158
3.620264185633705010e-158
2.997224313033728870e-158
2.480265410083766406e-158
2.051518592374094571e-158
1.696093103223085231e-158
1.401584602688098863e-158
1.157664996915633073e-158
9.557383190000109121e-159
7.886533483216664906e-159
6.504635431159154127e-159
5.362261603801843076e-159
4.418347683774942825e-159
3.638792209631154106e-159
2.995288801396103596e-159
2.464352801196442957e-159
2.026508606900666761e-159
1.665612800374929070e-159
1.368290602114282292e-159
1.123466197714307614e-159
9.219720004480782219e-160
7.562234796270303343e-160
6.199490174754435675e-160
5.079651201264831892e-160
4.159896912772546472e-160
3.404871283970205891e-160
2.785396192239885352e-160
2.277403999171252108e-160
1.861052805692029526e-160
1.519992697083285685e-160
1.240758394049322459e-160
1.012267094966096697e-160
8.254000983907997441e-161
6.726576132112673875e-161
5.478761476429819541e-161
4.459931205896027807e-161
3.628523908150752063e-161
2.950437896078572440e-161
2.397707803106949129e-161
1.947412300819665310e-161
1.580774694540477983e-161
1.282422400092334002e-161
1.039775901453502325e-161
8.425476907785981386e-162
6.823290393521283746e-162
5.522507678889108252e-162
4.467045811633525961e-162
3.611138195780744767e-162
2.917438614468161483e-162
2.355523703031558520e-162
1.900639496797802090e-162
1.532628894089569735e-162
1.235087094160878409e-162
9.946720859231372678e-163
8.005388286635001826e-163
6.438776817771666189e-163
5.175367498395634928e-163
4.157135996757849161e-163
3.337035505841814221e-163
2.676943992989885780e-163
2.145991292301041417e-163
1.719194998528025041e-163
1.376350694185605988e-163
1.101128896264309857e-163
8.803402315316158310e-164
7.033387709652620094e-164
5.615370577006741444e-164
4.480127479564344760e-164
3.571894600257889672e-164
2.845780500586514589e-164
2.265671190575713689e-164
1.802533095088097145e-164
1.433041206606176441e-164
1.138469197888366870e-164
9.037935780846806120e-165
7.169695029515482267e-165
5.683471382682461051e-165
4.502008884646797371e-165
3.563500011141994487e-165
2.818532090879511330e-165
2.227629994434933919e-165
1.759280192505289942e-165
1.388343401913692071e-165
1.094780505054820193e-165
8.626300062530801761e-166
6.791847030536142717e-166
5.343366607138736404e-166
4.200526084358499772e-166
3.299528698076704252e-166
2.589747802222520887e-166
2.031038901624221242e-166
1.591592798793094672e-166
1.246225095369027386e-166
9.750111919760550240e-167
7.622001274617972598e-167
5.953502101271071872e-167
4.646412912812018173e-167
3.623285915587013167e-167
2.823089286298700234e-167
2.197766389433138728e-167
1.709507507928011507e-167
1.328589204495679628e-167
1.031664001785191232e-167
8.004078797417883229e-168
6.204510482161410654e-168
4.805343121012803281e-168
3.718429605284631079e-168
2.874819495026561801e-168
2.220623889162022548e-168
1.713761503203362666e-168
1.321399798175675401e-168
1.017944395490709897e-168
7.834609220537643177e-169
6.024368699236108977e-169
4.628114888084454295e-169
3.552159983227410343e-169
2.723793009618802341e-169
2.086634004768375707e-169
1.597005502298889011e-169
1.221101601458361303e-169
9.327811313522525336e-170
7.118484617123513163e-170
5.427157322045112108e-170
4.133629485197059117e-170
3.145300198353434193e-170
2.390898908211780704e-170
1.815624096719530028e-170
1.377378505306212482e-170
1.043855200534662611e-170
7.902851684768042270e-171
5.976983080476780720e-171
4.515746083270062788e-171
3.408126089289281872e-171
2.569407795426710427e-171
1.934987701128871281e-171
1.455618905454785804e-171
1.093799997825416069e-171
8.210041626084121972e-172
6.155543296570746216e-172
4.609962884829994605e-172
3.448535583365642969e-172
2.576763511966489052e-172
1.923150390985039539e-172
1.433662595959078303e-172
1.067509800267944739e-172
7.939334435896110940e-173
5.897660299954585726e-173
4.375773986277571934e-173
3.242690416331484701e-173
2.400090010822965744e-173
1.774258691631176288e-173
1.309994796800599532e-173
9.660093111909925797e-174
7.114557673739453882e-174
5.233173315100843222e-174
3.844400603702156439e-174
2.820552101808537470e-174
2.066698703761597447e-174
1.512353706805288940e-174
1.105244098762568548e-174
8.066536739217080394e-175
5.879434514956104415e-175
4.279557507817466903e-175
3.110801909053677462e-175
2.258142190278697601e-175
1.636932800295302315e-175
1.184966895931652956e-175
8.565889440720524549e-176
6.183361529320262673e-176
4.457154885428221923e-176
3.208243701669569217e-176
2.305951891493573681e-176
1.655016306624533272e-176
1.186091104382962183e-176
8.487740561709254222e-177
6.064833995046242437e-177
4.327060278704804408e-177
3.082539009478498373e-177
2.192603806955596896e-177
1.557191392791293389e-177
1.104201399856453665e-177
7.817596673189550190e-178
5.526002475530308405e-178
3.899920987810406456e-178
2.747903901313497870e-178
1.933046293200895778e-178
1.357600206636628404e-178
9.518847259025167439e-179
6.663056393360262484e-179
4.656215222874587422e-179
3.248304610794115357e-179
2.262237510032117849e-179
1.572790796928810997e-179
1.091562304869786661e-179
7.562479327047205590e-180
5.230115576427866661e-180
3.610629500761119508e-180
2.488113294600295676e-180
1.711409396662922346e-180
1.174941101024195850e-180
8.050980970168698145e-181
5.506098524330897778e-181
3.758317582127319557e-181
2.560289296854428385e-181
1.740693508702945143e-181
1.181094904877213046e-181
7.997787368492716444e-182
5.404693904286461613e-182
3.644853494631494260e-182
2.452944998191198054e-182
1.647347504941382868e-182
1.103984799821375208e-182
7.382645897625001169e-183
4.926320113399097127e-183
3.280085896599206390e-183
2.179164796748903988e-183
1.444532501956763556e-183
9.554035876141659960e-184
6.304615282048868404e-184
4.150803200848423252e-184
2.726447091160312921e-184
1.786663294484569904e-184
1.168041700899391911e-184
7.617859286508008090e-185
4.956275897470811144e-185
3.216730214965193511e-185
2.082567107532436624e-185
1.344921495405075494e-185
8.663566331640208469e-186
5.566552426289712311e-186
3.567414700341043830e-186
2.280269999248422139e-186
1.453689905156964626e-186
9.242669216883582249e-187
5.860710427593396040e-187
3.706100607752790665e-187
2.337141109764574688e-187
1.469748201420511256e-187
9.216811924492753357e-188
5.763474495681427270e-188
3.593680603401777340e-188
2.234248394738344582e-188
1.384986499509714555e-188
8.559864274745830830e-189
5.274488898713551273e-189
3.240192494054894095e-189
1.984370504320371089e-189
1.211492102413413057e-189
7.373072183852970947e-190
4.472897097901315583e-190
2.704619692575006906e-190
1.629912501110785119e-190
9.789137599133658126e-191
5.859055671551939807e-191
3.494575887702236633e-191
2.076946408350362546e-191
1.229985397372012934e-191
7.257684387006564994e-192
4.266765879347145162e-192
2.499084797283494570e-192
1.458219899372965149e-192
8.476234376527610469e-193
4.907930310774868522e-193
2.830654612918823932e-193
1.626109407213909024e-193
9.303953619658321281e-194
5.301710087772134358e-194
3.008641304147712289e-194
1.700222205726347751e-194
9.567449036948530432e-195
5.360628216405666114e-195
2.990457403778741340e-195
1.660866697793704152e-195
9.182891058535572202e-196
5.054094409616424380e-196
2.768838895364963044e-196
1.509777907480496347e-196
8.193311816294856668e-197
4.424929399684501316e-197
2.378057897323257317e-197
1.271674199142891456e-197
6.766033310039439492e-198
3.581491984771494962e-198
1.885955804750157019e-198
9.878751121694724470e-199
5.146833774680150551e-199
2.666917604725777332e-199
1.374292503533168255e-199
7.042346685756852777e-200
3.588276894588160177e-200
1.817734207842250370e-200
9.153318460136380388e-201
4.581114211378571190e-201
2.278570490045836080e-201
1.126175494918695966e-201
5.530369414676493641e-202
2.698098794142696608e-202
1.307576602110951469e-202
6.294058330274419757e-203
3.008820194031102198e-203
1.428268403047067421e-203
6.731571486955559619e-204
3.149631588985737513e-204
1.462789798034156590e-204
6.742543869134655480e-205
3.084072993838021442e-205
1.399659296634938913e-205
6.301766970410050818e-206
2.814417707679419408e-206
1.246617601581832653e-206
5.475536613832299961e-207
2.384499795949688408e-207
1.029370500509949781e-207
4.404278705326092432e-208
1.867366205124425961e-208
7.844347481968195979e-209
3.264192596677378031e-209
1.345250599445756421e-209
5.489764117131905055e-210
2.217886608166923523e-210
8.868896961639356221e-211
3.509494114390328462e-211
1.373777405030360323e-211
5.317875300326516737e-212
2.035224301634488261e-212
7.699194562974572904e-213
2.878201711887548232e-213
1.062978201197976108e-213
3.877344811589770930e-214
1.396458202271339136e-214
4.964529779905568235e-215
1.741625893007023285e-215
6.027326805125034881e-216
2.057077009649747813e-216
6.921334197807320440e-217
2.294957794502427969e-217
7.495590935846162844e-218
3.113511898593937869e-218
2.101388403922255170e-262
1.205940700259143524e-262
6.868446675921570505e-263
3.882333503024041726e-263
2.169634506815200084e-263
1.198863604384363662e-263
6.550461915693239885e-264
3.535098397981900320e-264
1.884224109093774104e-264
9.921361286647649861e-265
5.155680605057201610e-265
2.642289204942216980e-265
1.336039101854143439e-265
6.671789797297986422e-266
3.297555588633579991e-266
1.605961403727467261e-266
7.702381976575960674e-267
3.633484201898836183e-267
1.684164605167401390e-267
7.666365235646990866e-268
3.424833683967937554e-268
1.499229992695751986e-268
6.424147926507095861e-269
2.698281506371935818e-269
1.111562299867333022e-269
4.479831685344579012e-270
1.763804505200881696e-270
6.769422190407987098e-271
2.528588509284665204e-271
9.172038883985563724e-272
3.221597607624848110e-272
1.095032495669772463e-272
3.609244897562450577e-273
1.146353002563694800e-273
3.490678516795526354e-274
1.019836397021743708e-274
2.862708097332818337e-275
7.403878205951195352e-287
1.966786604544580075e-287
5.014301818111841759e-288
1.227447005805256827e-288
2.873372687596500983e-289
6.400644277546621749e-290
1.347098196191696394e-290
2.662512493988156358e-291
5.009758091051739370e-292
8.853904187618751607e-293
1.369033598517866704e-293
1.836675798479173444e-294
2.128619598669605634e-295
2.144168799002938294e-296
2.015061699313715591e-297
1.787958899561609978e-298
1.463792699746435632e-299
1.071313999871582596e-300
6.510606499472193694e-302
3.233191799827189593e-303
1.283956399956023764e-304
3.912392999916828515e-306
8.768826499888397517e-308
1.417155299989635631e-309
1.698555999993318777e-311
1.469167600019300163e-313
8.071954404180484595e-316
2.648033760702412278e-318
4.031575670064571800e-321
0.000000000000000000e+00
0.000000000000000000e+00
0.000000000000000000e+00
0.000000000000000000e+00
0.000000000000000000e+00
0.000000000000000000e+00
0.000000000000000000e+00
0.000000000000000000e+00
0.000000000000000000e+00
0.000000000000000000e+00
0.000000000000000000e+00
0.000000000000000000e+00
