1.965610000000000034e-52
1.740240000000000022e-52
1.539809999999999938e-52
1.361720000000000029e-52
1.203630000000000016e-52
1.063390000000000043e-52
9.391279999999999611e-53
8.290999999999999832e-53
7.317810000000000060e-53
6.457709999999999699e-53
5.698399999999999785e-53
5.028609999999999860e-53
4.438410000000000142e-53
3.918759999999999863e-53
3.461719999999999989e-53
3.060049999999999896e-53
2.707430000000000215e-53
2.398070000000000101e-53
2.126940000000000211e-53
1.889449999999999950e-53
1.681610000000000004e-53
1.499800000000000063e-53
1.340889999999999902e-53
1.202029999999999915e-53
1.080730000000000058e-53
9.747930000000000513e-54
8.822759999999999629e-54
8.014529999999999827e-54
7.308280000000000360e-54
6.690650000000000347e-54
6.150080000000000212e-54
5.676320000000000429e-54
5.260510000000000477e-54
4.894820000000000081e-54
4.572529999999999908e-54
4.287699999999999949e-54
4.035240000000000200e-54
3.810689999999999780e-54
3.610249999999999868e-54
3.430579999999999954e-54
3.268840000000000213e-54
3.122590000000000206e-54
2.989719999999999947e-54
2.868429999999999872e-54
2.757190000000000207e-54
2.654669999999999715e-54
2.559780000000000091e-54
2.471550000000000010e-54
2.389180000000000117e-54
2.311990000000000062e-54
2.239399999999999921e-54
2.170919999999999893e-54
2.106119999999999970e-54
2.044659999999999978e-54
1.986230000000000071e-54
1.930589999999999921e-54
1.877500000000000071e-54
1.826789999999999997e-54
1.778290000000000047e-54
1.731850000000000015e-54
1.687360000000000042e-54
1.644709999999999976e-54
1.603789999999999957e-54
1.564519999999999876e-54
1.526829999999999926e-54
1.490629999999999986e-54
1.455859999999999972e-54
1.422470000000000106e-54
1.390390000000000002e-54
1.359569999999999883e-54
1.329959999999999969e-54
1.301500000000000033e-54
1.274170000000000049e-54
1.247909999999999934e-54
1.222689999999999937e-54
1.198459999999999989e-54
1.157089999999999934e-54
1.113270000000000008e-54
1.090259999999999989e-54
1.088710000000000043e-54
1.111349999999999991e-54
1.164070000000000060e-54
1.259289999999999990e-54
1.423480000000000038e-54
1.726939999999999967e-54
2.435600000000000122e-54
5.857550199999999961e-54
1.146880299999999966e-52
8.090585105060659521e-28
7.771192767597232169e-28
7.466076089065183321e-28
7.174737273027291165e-28
6.896648900315864615e-28
6.631282515591470597e-28
6.378118678037585039e-28
6.136651677061808408e-28
5.906389773821107666e-28
5.686856193593186962e-28
5.477590202624311599e-28
5.278147874057374923e-28
5.088101185197185166e-28
4.907038406362464904e-28
4.734563210901804197e-28
4.570294921977176153e-28
4.413867614631087527e-28
4.264930010751460873e-28
4.123144687742714238e-28
3.988188305717066872e-28
3.859750300925567177e-28
3.737533092697981439e-28
3.621251396932075750e-28
3.510631893538330785e-28
3.405412497840967858e-28
3.305342590654804392e-28
3.210181786130409078e-28
3.119700298085750759e-28
3.033678206653765389e-28
2.951904695573323283e-28
2.874178706344749039e-28
2.800307493040114508e-28
2.730106995145595675e-28
2.663401095549989062e-28
2.600021804515457262e-28
2.539808205445855926e-28
2.482606808817722602e-28
2.428271098444692124e-28
2.376660908240358288e-28
2.327642698778219946e-28
2.281088801558211117e-28
2.236877501993281195e-28
2.194892607241608877e-28
2.155023403248697784e-28
2.117164197281137138e-28
2.081213496512509678e-28
2.047074207846025857e-28
2.014654796860160177e-28
1.983868590378633876e-28
1.954632694447083636e-28
1.926868394735795234e-28
1.900500397295777645e-28
1.875457207475946966e-28
1.851670693140485595e-28
1.829076096899532626e-28
1.807611604906580326e-28
1.787218504153495172e-28
1.767840899706007784e-28
1.749425596052595834e-28
1.731922097668139639e-28
1.715282391704207994e-28
1.699460599615581370e-28
1.684413508058570762e-28
1.670099604500250095e-28
1.656479793051398035e-28
1.643516894273822549e-28
1.631175495150188816e-28
1.619421899413283107e-28
1.608224394288873033e-28
1.597552599456831910e-28
1.587377802176929550e-28
1.577672905810411262e-28
1.568411897795596676e-28
1.559570397046641143e-28
1.551125206387843823e-28
1.543054297886478174e-28
1.535336805285396399e-28
1.527953000694912598e-28
1.520884102231593001e-28
1.514112297395726784e-28
1.507620803908958752e-28
1.501393794303261144e-28
1.495416201074905109e-28
1.489673696770387164e-28
1.484152798731642823e-28
1.478840894319771861e-28
1.473725900844002681e-28
1.468796305708623374e-28
1.464041396194370381e-28
1.459451004108062431e-28
1.455015602079507920e-28
1.450725906736735554e-28
1.446573505581459073e-28
1.442550200538503524e-28
1.438648393653258576e-28
1.434860901153054132e-28
1.431180895876767566e-28
1.427601894196083868e-28
1.424117897793044417e-28
1.420723193842869331e-28
1.417412298557499228e-28
1.414180299149511775e-28
1.411022297199261463e-28
1.407933794412896137e-28
1.404910606109393965e-28
1.401948705699762266e-28
1.399044294799471917e-28
1.396193902653186899e-28
1.393394102672390116e-28
1.390641796294912911e-28
1.387934098547804279e-28
1.385268097052010436e-28
1.382641406623266844e-28
1.380051300978456112e-28
1.377495694941560083e-28
1.374972303639276480e-28
1.372479100639712211e-28
1.370014300665141778e-28
1.367575904656869242e-28
1.365162400307297715e-28
1.362772102105755228e-28
1.360403597232258434e-28
1.358055500660014730e-28
1.355726399331355214e-28
1.353415194488622603e-28
1.351120600336428907e-28
1.348841704141483433e-28
1.346577393660447932e-28
1.344326696254705315e-28
1.342088899511613602e-28
1.339863004097970623e-28
1.337648197433186641e-28
1.335443893595210682e-28
1.333249393369883703e-28
1.331063997404957330e-28
1.328887206344107331e-28
1.326718394292324559e-28
1.324557001751064059e-28
1.322402702970512749e-28
1.320254798245249304e-28
1.318113101708010631e-28
1.315977100553894553e-28
1.313846495462368030e-28
1.311720800094443579e-28
1.309599901830689308e-28
1.307483301208245082e-28
1.305370798760550237e-28
1.303262195018019322e-28
1.301157203388603368e-28
1.299055598482183108e-28
1.296957506431871359e-28
1.294862801666488321e-28
1.292771497821938189e-28
1.290683295022608938e-28
1.288597993907895108e-28
1.286515594726958328e-28
1.284435797855634001e-28
1.282358603539437465e-28
1.280283899603111672e-28
1.278211399003122741e-28
1.276141202234012671e-28
1.274073096663584297e-28
1.272007095436547017e-28
1.269942998912674445e-28
1.267880794643837270e-28
1.265820295705577904e-28
1.263761602198692313e-28
1.261704601731562968e-28
1.259649194842114262e-28
1.257595294263604537e-28
1.255542900090649916e-28
1.253492000258344602e-28
1.251442394794499984e-28
1.249394296595400367e-28
1.247347405750146565e-28
1.245301897690213634e-28
1.243257597365288221e-28
1.241214505109707584e-28
1.239172596224240818e-28
1.237131795781009050e-28
1.235092203861762472e-28
1.233053696009961388e-28
1.231016196924675042e-28
1.228979894764422474e-28
1.226944501691219891e-28
1.224910205655655162e-28
1.222876794688312338e-28
1.220844505488916606e-28
1.218813101628333961e-28
1.216782595469066531e-28
1.214753099291920303e-28
1.212724601040759816e-28
1.210696900968194104e-28
1.208670099083465241e-28
1.206644195516109931e-28
1.204619202441401581e-28
1.202595095995237881e-28
1.200571800256321812e-28
1.198549303304879498e-28
1.196527705147342346e-28
1.194506894202699369e-28
1.192486894266522656e-28
1.190467605520912393e-28
1.188449204021474124e-28
1.186431602053001132e-28
1.184414699617907681e-28
1.182398496600485754e-28
1.180383105161578978e-28
1.178368501674697059e-28
1.176354497964906486e-28
1.174341294268509687e-28
1.172328702191316354e-28
1.170316898384260566e-28
1.168305694824639374e-28
1.166295103057325727e-28
1.164285199852368329e-28
1.162275897007604091e-28
1.160267294521449665e-28
1.158259304090276742e-28
1.156251802642266396e-28
1.154244901661535317e-28
1.152238601376118262e-28
1.150232901667492511e-28
1.148227702762061477e-28
1.146223004655957576e-28
1.144218795902437988e-28
1.142215199402050008e-28
1.140212003916171874e-28
1.138209297943483001e-28
1.136207104377123973e-28
1.134205400580939787e-28
1.132204097817789493e-28
1.130203296308303615e-28
1.128203095820232972e-28
1.126203796460679161e-28
1.124205597999026359e-28
1.122208500654696382e-28
1.120212504197883904e-28
1.118217697776871071e-28
1.116223903546354746e-28
1.114231199379261575e-28
1.112239596339952986e-28
1.110248994644602692e-28
1.108259605146757428e-28
1.106271294814242326e-28
1.104283996887464745e-28
1.102297900276676675e-28
1.100312804974844032e-28
1.098328799991542611e-28
1.096345896561859076e-28
1.094364005511654523e-28
1.092383304925992910e-28
1.090403594856783925e-28
1.088424897341739789e-28
1.086447401339480829e-28
1.084470895997109166e-28
1.082495403123648473e-28
1.080521001040541352e-28
1.078547700691564470e-28
1.076575401959474654e-28
1.074604204835503593e-28
1.072633998799078632e-28
1.070664805205250948e-28
1.068696702718550329e-28
1.066729601948594650e-28
1.064763603098887655e-28
1.062798495424652514e-28
1.060834500191374352e-28
1.058871496364576475e-28
1.056909505024336064e-28
1.054948505002354671e-28
1.052988396557464671e-28
1.051029400546955412e-28
1.049071396130080273e-28
1.047114404191284634e-28
1.045158403862173699e-28
1.043203295293796675e-28
1.041249299149507238e-28
1.039296194885207369e-28
1.037344103189729033e-28
1.035393003284576899e-28
1.033442895215882610e-28
1.031493699865905511e-28
1.029545496469173386e-28
1.027598295449691930e-28
1.025651996794221895e-28
1.023706600489331441e-28
1.021762196406155465e-28
1.019818704985383538e-28
1.017875995618450608e-28
1.015934298987621290e-28
1.013993504981445579e-28
1.012053503363053446e-28
1.010114404479453168e-28
1.008176098031334313e-28
1.006238604489132104e-28
1.004302003591885939e-28
1.002366095482335767e-28
1.000431100210890612e-28
9.984969078330617064e-29
9.965639780567996691e-29
9.946326508670211478e-29
9.927029463217374788e-29
9.907748643781348463e-29
9.888484052975311992e-29
9.869235887874655051e-29
9.850004149247064988e-29
9.830788840595256594e-29
9.811590061347240243e-29
9.792408007766356512e-29
9.773242785604987397e-29
9.754094392807329397e-29
9.734963029200991875e-29
9.715848498427973741e-29
9.696751196880552306e-29
9.677671026322295089e-29
9.658607989985953925e-29
9.639562385618734835e-29
9.620534113031974608e-29
9.601523276023073485e-29
9.582529972715660542e-29
9.563554301954789178e-29
9.544596269054507151e-29
9.525655970594297828e-29
9.506733507320183597e-29
9.487828783196105754e-29
9.468942095167996646e-29
9.450073543964574304e-29
9.431222834111788811e-29
9.412390267842566240e-29
9.393576034306276377e-29
9.374780044275209236e-29
9.356002300894432365e-29
9.337242996922441577e-29
9.318502133057383947e-29
9.299779716987905010e-29
9.281075943697158300e-29
9.262390719375992762e-29
9.243724238620277787e-29
9.225076508916033395e-29
9.206447824465211879e-29
9.187838093115551882e-29
9.169247808679607735e-29
9.150676678450155224e-29
9.132124996767226108e-29
9.113592673112165874e-29
9.095079997781707540e-29
9.076586683346276761e-29
9.058113119721323564e-29
9.039658918007903190e-29
9.021224280243516400e-29
9.002809595775879950e-29
8.984419975335069691e-29
8.966060206110367844e-29
8.947730699208122804e-29
8.929431856644033829e-29
8.911163968640719823e-29
8.892927535754014262e-29
8.874722681038265803e-29
8.856549984144115489e-29
8.838409857218558549e-29
8.820302590412330639e-29
8.802228696215039090e-29
8.784188475674823336e-29
8.766182419245274843e-29
8.748210839925957656e-29
8.730274338730115085e-29
8.712373418408371613e-29
8.694508479946984442e-29
8.676680211961669698e-29
8.658888929163136038e-29
8.641135233371198472e-29
8.623419426391111269e-29
8.605742310874213683e-29
8.588104188591559333e-29
8.570505761300735719e-29
8.552947516273691749e-29
8.535429885711688601e-29
8.517953642203903077e-29
8.500519116905830621e-29
8.483126999395150728e-29
8.465777890470917677e-29
8.448472294305728612e-29
8.431210912510228636e-29
8.413994264223693003e-29
8.396823021149076778e-29
8.379697818402652933e-29
8.362619258860093573e-29
8.345588214788379098e-29
8.328605121412008224e-29
8.311671083189643911e-29
8.294786787489800688e-29
8.277955935713583772e-29
8.261185064021710098e-29
8.244478420477633671e-29
8.227837064055868114e-29
8.211262462950782427e-29
8.194756021747242324e-29
8.178318882245686458e-29
8.161952613176654486e-29
8.145658539180616357e-29
8.129437983872819552e-29
8.113292617308896450e-29
8.097223784309197580e-29
8.081232971739926508e-29
8.065321689161013868e-29
8.049491463151841737e-29
8.033743883948577528e-29
8.018080380722930136e-29
8.002502662424246801e-29
7.987012421793360350e-29
7.971611210115174808e-29
7.956300820099204770e-29
7.941082686511276006e-29
7.925958303926518326e-29
7.910929209566683507e-29
7.895996521668191589e-29
7.881161481883571599e-29
7.866425091992764125e-29
7.851787896765062382e-29
7.837250424457704867e-29
7.822812428805941182e-29
7.808473466226007112e-29
7.794233231959471289e-29
7.780096228488377750e-29
7.766065400476834818e-29
7.752136606225739942e-29
7.738303962786496245e-29
7.724558631903970532e-29
7.710887508690168105e-29
7.697271723007912890e-29
7.683683712497511161e-29
7.670082468954571827e-29
7.656405069258001496e-29
7.642549406498459085e-29
7.628338235784532378e-29
7.613421497588067611e-29
7.596916881801583647e-29
7.577346136237141397e-29
7.556453296587504960e-29
1.081510502018646523e-40
8.789754301888822500e-41
7.117566575048241228e-41
5.741737504472375189e-41
4.613808114492775471e-41
3.692528613503945227e-41
2.942929007050508855e-41
2.335419298666767376e-41
1.845079508904851746e-41
1.450989598047231496e-41
1.135639701113947737e-41
8.844538016543089099e-42
6.853078609510643263e-42
5.281918997860870504e-42
4.048629286044687140e-42
3.085629507161805213e-42
2.337779692890479425e-42
1.760299800919921832e-42
1.317009804040886657e-42
9.787969045512003424e-43
7.224079266183207322e-43
5.293349574210802327e-43
3.849499715883671672e-43
2.777539806559102835e-43
1.987679899762766856e-43
1.410279895386379004e-43
9.916649529240951499e-44
6.907819690211882914e-44
4.764749817495572923e-44
3.252759894320661201e-44
2.196619905198940206e-44
1.466599994200435560e-44
9.675199793465731987e-45
6.302709914095329877e-45
4.051499919493939693e-45
2.568039992500482249e-45
1.603759998505778581e-45
9.859409907924938773e-46
5.961170013774251452e-46
3.541090012790546561e-46
2.064380009763562890e-46
1.179679994907670801e-46
6.599129976850336962e-47
3.608519989798560963e-47
1.925739995651758185e-47
1.001209998211672469e-47
5.061289992922321073e-48
2.482259997312673252e-48
1.178179999024429147e-48
5.397099996626794587e-49
2.378799998893832108e-49
1.005359999657597298e-49
4.058789999004823918e-50
1.558529999730024561e-50
5.664279999321029147e-51
1.937429999842934999e-51
6.196049999668828659e-52
1.838689999937023619e-52
5.018229999893320259e-53
1.246519999984135150e-53
2.783409999979642956e-54
5.505239999977921039e-55
9.474909999980255977e-56
1.388419999998588463e-56
1.686169999999222737e-57
1.640709999999685625e-58
1.224879999999912154e-59
1.315063999999969153e-70
5.419307099999964290e-72
1.393863599999997732e-73
1.966071799999999528e-75
1.307211499999999956e-77
3.725601099999999758e-80
5.179659600000000352e-83
2.178776700000000058e-86
0.000000000000000000e+00
0.000000000000000000e+00
0.000000000000000000e+00
