5.000000000000000000e-01
5.000000000000000000e-01
5.000000000000000000e-01
5.000000000000000000e-01
5.000000000000000000e-01
5.000000000000000000e-01
5.000000000000000000e-01
5.000000000000000000e-01
5.000000000000000000e-01
5.000000000000000000e-01
5.000000000000000000e-01
5.000000000000000000e-01
5.000000000000000000e-01
5.000000000000000000e-01
5.000000000000000000e-01
5.000000000000000000e-01
5.000000000000000000e-01
5.000000000000000000e-01
5.000000000000000000e-01
5.000000000000000000e-01
5.000000000000000000e-01
5.000000000000000000e-01
5.000000000000000000e-01
5.000000000000000000e-01
5.000000000000000000e-01
5.000000000000000000e-01
5.000000000000000000e-01
5.000000000000000000e-01
5.000000000000000000e-01
5.000000000000000000e-01
5.000000000000000000e-01
5.000000000000000000e-01
5.000000000000000000e-01
5.000000000000000000e-01
5.000000000000000000e-01
5.000000000000000000e-01
5.000000000000000000e-01
5.000000000000000000e-01
5.000000000000000000e-01
5.000000000000000000e-01
5.000000000000000000e-01
5.000000000000000000e-01
5.000000000000000000e-01
5.000000000000000000e-01
5.000000000000000000e-01
5.000000000000000000e-01
5.000000000000000000e-01
5.000000000000000000e-01
5.000000000000000000e-01
5.000000000000000000e-01
5.000000000000000000e-01
5.000000000000000000e-01
5.000000000000000000e-01
5.000000000000000000e-01
5.000000000000000000e-01
5.000000000000000000e-01
5.000000000000000000e-01
5.000000000000000000e-01
5.000000000000000000e-01
5.000000000000000000e-01
5.000000000000000000e-01
5.000000000000000000e-01
5.000000000000000000e-01
5.000000000000000000e-01
5.000000000000000000e-01
5.000000000000000000e-01
5.000000000000000000e-01
5.000000000000000000e-01
5.000000000000000000e-01
5.000000000000000000e-01
5.000000000000000000e-01
5.000000000000000000e-01
5.000000000000000000e-01
5.000000000000000000e-01
5.000000000000000000e-01
5.000000000000000000e-01
5.000000000000000000e-01
5.000000000000000000e-01
5.000000000000000000e-01
5.000000000000000000e-01
5.000000000000000000e-01
5.000000000000000000e-01
5.000000000000000000e-01
5.000000000000000000e-01
5.000000000000000000e-01
5.000000000000000000e-01
5.000000000000000000e-01
5.000000000000000000e-01
4.348422102719936948e-03
4.330686881942767338e-03
4.313274193682777903e-03
4.296186483848916243e-03
4.279422700195997277e-03
4.262980410023119171e-03
4.246856185376375083e-03
4.231046484184770862e-03
4.215547181315429728e-03
4.200353895267881082e-03
4.185462302005253307e-03
4.170867679499767194e-03
4.156565687907301521e-03
4.142551505371231367e-03
4.128820509507021702e-03
4.115368019789569613e-03
4.102189513597936758e-03
4.089280310308665740e-03
4.076635787880976067e-03
4.064251405826103253e-03
4.052122600971697769e-03
4.040244792106574036e-03
4.028613696586958587e-03
4.017224692605895174e-03
4.006073497460149214e-03
3.995155688704495577e-03
3.984467182785109314e-03
3.974003497561550378e-03
3.963760708693715024e-03
3.953734394070978521e-03
3.943920708706204030e-03
3.934315390221650860e-03
3.924914693021107348e-03
3.915714593457623148e-03
3.906711206784784819e-03
3.897900808357878180e-03
3.889279413813942141e-03
3.880843597514319412e-03
3.872589513427041399e-03
3.864513497971515561e-03
3.856612302634451067e-03
3.848882103429738383e-03
3.841319712673665464e-03
3.833921505779636172e-03
3.826684295085770824e-03
3.819604693599487621e-03
3.812679214613236278e-03
3.805904594068496797e-03
3.799277881574261717e-03
3.792795889225045441e-03
3.786455789655402034e-03
3.780254494621074820e-03
3.774189115044671548e-03
3.768256786040491586e-03
3.762454793622261803e-03
3.756780410197403750e-03
3.751230808717859536e-03
3.745803299377072418e-03
3.740495391559945423e-03
3.735304494970784466e-03
3.730227981959124712e-03
3.725263399157343822e-03
3.720408417799176901e-03
3.715660510012218191e-03
3.711017384433023224e-03
3.706476687086263967e-03
3.702036188993105582e-03
3.697693598660325032e-03
3.693446786883830633e-03
3.689293598745639179e-03
3.685231905053926085e-03
3.681259613557709941e-03
3.677374694831449069e-03
3.673575193043349639e-03
3.669859215113213842e-03
3.666224694978371338e-03
3.662669912608740221e-03
3.659192901664199814e-03
3.655791905364142846e-03
3.652465093717759820e-03
3.649210809461672558e-03
3.646027186165878321e-03
3.642912702618525313e-03
3.639865592108770809e-03
3.636884296891918118e-03
3.633967286041931127e-03
3.631112902079537946e-03
3.628319614101826324e-03
3.625586090575650799e-03
3.622910710197768235e-03
3.620292105174120496e-03
3.617728916799646793e-03
3.615219713948963128e-03
3.612763201348643226e-03
3.610357984072544175e-03
3.608002802899390547e-03
3.605696489611987920e-03
3.603437685350222453e-03
3.601225194419180840e-03
3.599057984402401732e-03
3.596934696339398885e-03
3.594854297838054324e-03
3.592815692868619321e-03
3.590817685750557521e-03
3.588859415606513413e-03
3.586939714583061486e-03
3.585057486673623277e-03
3.583211906809176568e-03
3.581401906868769865e-03
3.579626490462800830e-03
3.577884896256458298e-03
3.576175992389538615e-03
3.574499117122922551e-03
3.572853202533152108e-03
3.571237586885700737e-03
3.569651309448152506e-03
3.568093501663087853e-03
3.566563501731566475e-03
3.565060612139743512e-03
3.563583800802162371e-03
3.562132505504206174e-03
3.560706092755742177e-03
3.559303601729820691e-03
3.557924598245229900e-03
3.556568185516942489e-03
3.555233900885252773e-03
3.553921110911958687e-03
3.552628883274577126e-03
3.551356990105918564e-03
3.550104598708115743e-03
3.548871210854221987e-03
3.547656193192401906e-03
3.546459082991181271e-03
3.545279282369679427e-03
3.544116293090389998e-03
3.542969616914136508e-03
3.541838684762654843e-03
3.540723104680835575e-03
3.539622207951052292e-03
3.538535795296931380e-03
3.537463204583843595e-03
3.536404101488471643e-03
3.535357987789933439e-03
3.534324500254470373e-03
3.533303204939203419e-03
3.532293703264191825e-03
3.531295596647034130e-03
3.530308486504689196e-03
3.529332109191438919e-03
3.528365895877456741e-03
3.527409817493130061e-03
3.526463504538557715e-03
3.525526494060191810e-03
3.524598686407737387e-03
3.523679583341098997e-03
3.522768985561225419e-03
3.521866594120242819e-03
3.520972209718234349e-03
3.520085298908772788e-03
3.519205797255370739e-03
3.518333306159193707e-03
3.517467690788806181e-03
3.516608687383813991e-03
3.515755996989809035e-03
3.514909385151263835e-03
3.514068588078170328e-03
3.513233506112323212e-03
3.512403904820422459e-03
3.511579385621135634e-03
3.510759883986018515e-03
3.509945300253417607e-03
3.509135200723232338e-03
3.508329585406751421e-03
3.507528190441984873e-03
3.506730916165678048e-03
3.505937393497185993e-03
3.505147692571890586e-03
3.504361514426403926e-03
3.503578689324595048e-03
3.502799088054403195e-03
3.502022610949773011e-03
3.501248988670307722e-03
3.500478291255104245e-03
3.499710085090884052e-03
3.498944504822944224e-03
3.498181316151801733e-03
3.497420284808604434e-03
3.496661515720989651e-03
3.495904704670527857e-03
3.495149786985110238e-03
3.494396697963115563e-03
3.493645302998245501e-03
3.492895402793267691e-03
3.492146997351903981e-03
3.491399987025957125e-03
3.490654307074508769e-03
3.489909688378250909e-03
3.489166200744936441e-03
3.488423709618978640e-03
3.487682215003659169e-03
3.486941383076826682e-03
3.486201383238342940e-03
3.485462016164178004e-03
3.484723311791605455e-03
3.483985006028687305e-03
3.483247098876303925e-03
3.482509689987436062e-03
3.481772515225094091e-03
3.481035504947246721e-03
3.480298693979082692e-03
3.479561883017649390e-03
3.478825206502619317e-03
3.478088495198150554e-03
3.477351584596027455e-03
3.476614609113596634e-03
3.475877399559258556e-03
3.475139891052903690e-03
3.474402083594567599e-03
3.473663912266896237e-03
3.472925207936327849e-03
3.472186104998211450e-03
3.471446404145947604e-03
3.470706205031482295e-03
3.469965308347000912e-03
3.469223714091986075e-03
3.468481387579020782e-03
3.467738398184637763e-03
3.466994511907738139e-03
3.466249793737179088e-03
3.465504213350507293e-03
3.464757601774648074e-03
3.464010093323466148e-03
3.463261488687602134e-03
3.462511987172084676e-03
3.461761489120721621e-03
3.461010193839747246e-03
3.460257902018713631e-03
3.459504812964147354e-03
3.458750593123657412e-03
3.457995510986396591e-03
3.457239298073971727e-03
3.456482088625753742e-03
3.455723683330970755e-03
3.454964316044853521e-03
3.454203683808073841e-03
3.453441890266127981e-03
3.452678900866621575e-03
3.451914715607141623e-03
3.451149299973425150e-03
3.450382489179599707e-03
3.449614417373637106e-03
3.448845015552221265e-03
3.448074283736122028e-03
3.447302091580653829e-03
3.446528504249224325e-03
3.445753487281378192e-03
3.444977009940824748e-03
3.444199003316762448e-03
3.443419402207919394e-03
3.442638306265945365e-03
3.441855715487661480e-03
3.441071396147375727e-03
3.440285516725635762e-03
3.439497908749394005e-03
3.438708706281488545e-03
3.437917710005715215e-03
3.437124985203176587e-03
3.436330600619913207e-03
3.435534288204779990e-03
3.434736216328048222e-03
3.433936316283038668e-03
3.433134388776052596e-03
3.432330701786184650e-03
3.431524987341446481e-03
3.430717413732131682e-03
3.429907812674537742e-03
3.429096084530318042e-03
3.428282497199778255e-03
3.427466683132064911e-03
3.426648810536601399e-03
3.425828810867756306e-03
3.425006684144615930e-03
3.424182299554855754e-03
3.423355688259601109e-03
3.422526784844708708e-03
3.421695589305147420e-03
3.420862101635170974e-03
3.420026187970741025e-03
3.419187916714699557e-03
3.418347185285382055e-03
3.417503996594456386e-03
3.416658216785016088e-03
3.415809911350735448e-03
3.414958915143975846e-03
3.414105393333275416e-03
3.413249115227527750e-03
3.412390112204412383e-03
3.411528284624240886e-03
3.410663700718967201e-03
3.409796192600059693e-03
3.408926093352934381e-03
3.408053402970799388e-03
3.407178087375381959e-03
3.406300115052099051e-03
3.405419383805527531e-03
3.404535995817186723e-03
3.403649917017227688e-03
3.402760914051360108e-03
3.401869086598336648e-03
3.400974502697312347e-03
3.400076894992025943e-03
3.399176297493446824e-03
3.398272710193457787e-03
3.397365999450305783e-03
3.396456298907359322e-03
3.395543409235537817e-03
3.394627296480449887e-03
3.393707894936926796e-03
3.392785204595866015e-03
3.391859191529848511e-03
3.390929690345005111e-03
3.389996800692914904e-03
3.389060389011987282e-03
3.388120389540871455e-03
3.387176702608125315e-03
3.386229394002648364e-03
3.385278298272491587e-03
3.384323315744886679e-03
3.383364512237290161e-03
3.382401688444023734e-03
3.381434812349337106e-03
3.380463915965253949e-03
3.379488700323078545e-03
3.378509298886442098e-03
3.377525611981770960e-03
3.376537506167920279e-03
3.375544815892739074e-03
3.374547607059215273e-03
3.373545714094673079e-03
3.372539103259558375e-03
3.371527608959496575e-03
3.370511197474475654e-03
3.369489703189558483e-03
3.368463192067268699e-03
3.367431398807928678e-03
3.366394190068126586e-03
3.365351699179190172e-03
3.364303493827174810e-03
3.363249707322466669e-03
3.362190106697818693e-03
3.361124492639136572e-03
3.360052998423462486e-03
3.358975490778603676e-03
3.357892302288402551e-03
3.356803299702921552e-03
3.355708283706692902e-03
3.354607188194800790e-03
3.353499913482745846e-03
3.352386292837290609e-03
3.351266194000226788e-03
3.350139483783983602e-03
3.349005996359630168e-03
3.347865598560416725e-03
3.346718190732267048e-03
3.345563507344849041e-03
3.344401415263513130e-03
3.343231814831579274e-03
3.342054407061425918e-03
3.340869092294618779e-03
3.339675704604076322e-03
3.338474011243979835e-03
3.337263812888178246e-03
3.336044910209631439e-03
3.334817004213873944e-03
3.333579895571671652e-03
3.332333384953180700e-03
3.331077306338040001e-03
3.329811194425894884e-03
3.328534916491891673e-03
3.327248206617230801e-03
3.325950599762858562e-03
3.324641996257782142e-03
3.323321897760080426e-03
3.321990104929168144e-03
3.320646185880611265e-03
3.319289808360294941e-03
3.317920507286484764e-03
3.316537983684290751e-03
3.315141705874429835e-03
3.313731308519270776e-03
3.312306293300860266e-03
3.310866195006550820e-03
3.309410814277790203e-03
3.307939885593589972e-03
3.306453508212568813e-03
3.304950785561990532e-03
3.303431385094917228e-03
3.301894708762567396e-03
3.300339992835291635e-03
3.298766705325528303e-03
3.297174015859406608e-03
3.295561293462264708e-03
3.293927707027264739e-03
3.292272293620234196e-03
3.290594388492790873e-03
3.288892795580056552e-03
3.287166584952336788e-03
3.285414593435741042e-03
3.283635592105482726e-03
3.281828484590173633e-03
3.279991708949784625e-03
3.278123804159609970e-03
3.276223208276394377e-03
3.274288094438293755e-03
3.272316601621104871e-03
3.270306603954780452e-03
3.268255808968746883e-03
3.266161592492073263e-03
3.264021096677552011e-03
3.261831298656124763e-03
3.259588610172197386e-03
3.257288911994314379e-03
3.254927785921459763e-03
3.252500313336551332e-03
3.250001711900530905e-03
3.247426300199391259e-03
3.244766602605871509e-03
3.242013284409157869e-03
3.239155513378359427e-03
3.236179703647173566e-03
3.233069109663966149e-03
3.229801805253272075e-03
3.226348886941029278e-03
3.222670387060333399e-03
3.218707202736866262e-03
3.214365215078586729e-03
3.209472298983238880e-03
3.203626892325710934e-03
3.196093015284675112e-03
3.187282098560623254e-03
5.480922510230178483e-07
5.097482501095393329e-07
4.734727783401660321e-07
4.391918103420969191e-07
4.068328312779328412e-07
3.763198613762392729e-07
3.475838808327225231e-07
3.205528998170042820e-07
2.951579114245117338e-07
2.713319296348365209e-07
2.490069402442506274e-07
2.281189504266805487e-07
2.086029602894973779e-07
1.903969599228909592e-07
1.734399694021657806e-07
1.576729803659620063e-07
1.430359795650072272e-07
1.294729800676617505e-07
1.169279903587617610e-07
1.053469904898414170e-07
9.467839055679895521e-08
8.486969258651488763e-08
7.587189431305998124e-08
6.763689515972313844e-08
6.011799599282480519e-08
5.327029682573036140e-08
4.705039813873621027e-08
4.141619794131482640e-08
3.632749913339009528e-08
3.174549894457216335e-08
2.763279906540105710e-08
2.395409890527523257e-08
2.067509998603681105e-08
1.776340003972592473e-08
1.518830007307905768e-08
1.292019996226878513e-08
1.093159998981504234e-08
9.196129907391796936e-09
7.689279917767330131e-09
6.387920023073401651e-09
5.270430024926697296e-09
4.316679981366170612e-09
3.507969987694085969e-09
2.827029992007866439e-09
2.257949994901641734e-09
1.786159996809621207e-09
1.398389998044499296e-09
1.082609998827952536e-09
8.280299993143645523e-10
6.250019996093716374e-10
4.650099997837652478e-10
3.405769998840072044e-10
2.451899999398818139e-10
1.732239999699933829e-10
1.198689999856314461e-10
8.106869999342786594e-11
5.344869999714322779e-11
3.425059999882689824e-11
2.125839999954808148e-11
1.272719999983801975e-11
7.313739999946510227e-12
4.010499999983915544e-12
2.083669999995658661e-12
1.016819999998966128e-12
4.610249999997874968e-13
1.915759999999632866e-13
7.168389999999485852e-14
2.360249999999944429e-14
6.633979999999955599e-15
1.528859999999997592e-15
2.742419999999999310e-16
3.615889999999999947e-17
3.494539999999999896e-18
3.146190000000000128e-19
2.888630000000000047e-20
2.722939999999999942e-22
0.000000000000000000e+00
0.000000000000000000e+00
