0.000000000000000000e+00
0.000000000000000000e+00
0.000000000000000000e+00
0.000000000000000000e+00
0.000000000000000000e+00
0.000000000000000000e+00
0.000000000000000000e+00
0.000000000000000000e+00
0.000000000000000000e+00
0.000000000000000000e+00
0.000000000000000000e+00
0.000000000000000000e+00
0.000000000000000000e+00
0.000000000000000000e+00
0.000000000000000000e+00
0.000000000000000000e+00
0.000000000000000000e+00
0.000000000000000000e+00
0.000000000000000000e+00
0.000000000000000000e+00
0.000000000000000000e+00
0.000000000000000000e+00
0.000000000000000000e+00
0.000000000000000000e+00
0.000000000000000000e+00
0.000000000000000000e+00
0.000000000000000000e+00
0.000000000000000000e+00
0.000000000000000000e+00
0.000000000000000000e+00
0.000000000000000000e+00
0.000000000000000000e+00
0.000000000000000000e+00
0.000000000000000000e+00
0.000000000000000000e+00
0.000000000000000000e+00
0.000000000000000000e+00
0.000000000000000000e+00
0.000000000000000000e+00
0.000000000000000000e+00
0.000000000000000000e+00
0.000000000000000000e+00
0.000000000000000000e+00
0.000000000000000000e+00
0.000000000000000000e+00
0.000000000000000000e+00
0.000000000000000000e+00
0.000000000000000000e+00
0.000000000000000000e+00
0.000000000000000000e+00
0.000000000000000000e+00
0.000000000000000000e+00
0.000000000000000000e+00
0.000000000000000000e+00
0.000000000000000000e+00
0.000000000000000000e+00
0.000000000000000000e+00
0.000000000000000000e+00
0.000000000000000000e+00
0.000000000000000000e+00
0.000000000000000000e+00
0.000000000000000000e+00
0.000000000000000000e+00
0.000000000000000000e+00
0.000000000000000000e+00
0.000000000000000000e+00
0.000000000000000000e+00
0.000000000000000000e+00
0.000000000000000000e+00
0.000000000000000000e+00
0.000000000000000000e+00
0.000000000000000000e+00
0.000000000000000000e+00
0.000000000000000000e+00
0.000000000000000000e+00
0.000000000000000000e+00
0.000000000000000000e+00
0.000000000000000000e+00
0.000000000000000000e+00
0.000000000000000000e+00
0.000000000000000000e+00
0.000000000000000000e+00
0.000000000000000000e+00
0.000000000000000000e+00
0.000000000000000000e+00
0.000000000000000000e+00
0.000000000000000000e+00
0.000000000000000000e+00
6.671966204173314232e-122
5.540445476898556990e-122
4.612635793244332302e-122
3.850485685524483471e-122
3.223106500147617569e-122
2.705493806361156912e-122
2.277416292157944215e-122
1.922497992813894388e-122
1.627470592786561938e-122
1.381571698443521010e-122
1.176061200563450507e-122
1.003830395066073152e-122
8.590874875006565165e-123
7.371054809557307333e-123
6.340185114598909256e-123
5.466586226287171994e-123
4.724240715659911821e-123
4.091732510314847584e-123
3.551391589442422446e-123
3.088602704427510636e-123
2.691247100645360662e-123
2.349250295410269453e-123
2.054214898259668905e-123
1.799123396688532983e-123
1.578095298999487259e-123
1.386189896080824932e-123
1.219244794732252696e-123
1.073744199341150210e-123
9.467103720764196715e-124
8.356147187469121014e-124
7.383047016298074471e-124
6.529431783771748087e-124
5.779583689723320833e-124
5.120022891445464866e-124
4.539162707883163018e-124
4.027020308634736650e-124
3.574977312697603562e-124
3.175576697966043088e-124
2.822354209785665519e-124
2.509694798682660047e-124
2.232712701525165680e-124
1.987148701770747828e-124
1.769284005837398555e-124
1.575866502375618536e-124
1.404047498196921816e-124
1.251324797903154720e-124
1.115500204275488931e-124
9.946451084498455008e-125
8.870629256979220568e-125
7.912576477521160913e-125
7.059088880714567537e-125
6.298500691037861682e-125
5.620495322404416571e-125
5.015940681418445487e-125
4.476747592411463815e-125
3.995743610846045108e-125
3.566565508288697646e-125
3.183563499470573113e-125
2.841718593587945997e-125
2.536568996584762477e-125
2.264146089049683480e-125
2.020918299542867511e-125
1.803741608629460436e-125
1.609815204337807774e-125
1.436643493973567699e-125
1.282001895533376980e-125
1.143906696598936385e-125
1.020588199630240725e-125
9.104675667667473931e-126
8.121356297238736097e-126
7.243343709933519409e-126
6.459405223789341097e-126
5.759509191905009128e-126
5.134697390276422245e-126
4.576968418848871030e-126
4.079169994412760437e-126
3.634909912513176630e-126
3.238475801472858102e-126
2.884763304232812613e-126
2.569210095580958014e-126
2.287739305931649935e-126
2.036706592272123789e-126
1.812855401303080270e-126
1.613274996502419467e-126
1.435363698773338027e-126
1.276796895095822860e-126
1.135496800650298882e-126
1.009607003923938409e-126
8.974684376671202688e-127
7.975989922450815671e-127
7.086745010128374046e-127
6.295121029232651944e-127
5.590552821570587631e-127
4.963604501852911586e-127
4.405850580563148920e-127
3.909767803141888512e-127
3.468640490006846474e-127
3.076473987492594085e-127
2.727918695772543860e-127
2.418200989520000153e-127
2.143062397819005471e-127
1.898704298858119534e-127
1.681739296661915223e-127
1.489146794090618395e-127
1.318234305732473540e-127
1.166602104742937120e-127
1.032111696163434074e-127
9.128582117347042499e-128
8.071447515480227031e-128
7.134603780991274724e-128
6.304599693403495511e-128
5.569462388147625135e-128
4.918538423561273206e-128
4.342349703078724655e-128
3.832466885926414233e-128
3.381394708949874884e-128
2.982470301390129117e-128
2.629772501276754119e-128
2.318040407893390529e-128
2.042601300459789132e-128
1.799305802780287011e-128
1.584470496776394253e-128
1.394826500677885559e-128
1.227473299394609849e-128
1.079838495602681588e-128
9.496411402364604853e-129
8.348591725633514548e-129
7.337007465458101242e-129
6.445784882042040847e-129
5.660865097940009488e-129
4.969801315200136601e-129
4.361576791630569226e-129
3.826444081648373440e-129
3.355784383312018582e-129
2.941975194264324939e-129
2.578275412308686425e-129
2.258728190282725186e-129
1.978072002615010621e-129
1.731660303889827961e-129
1.515391397985893223e-129
1.325645701717771201e-129
1.159230200487919587e-129
1.013329096500265013e-129
8.854599500637529037e-130
7.734352110811847680e-130
6.753276806240701863e-130
5.894401894403263931e-130
5.142786480340668990e-130
4.485282111681019503e-130
3.910319495431181322e-130
3.407707016899500059e-130
2.968493203820450388e-130
2.584833795645071286e-130
2.249835891323732844e-130
1.957445290745785321e-130
1.702346293022592834e-130
1.479873397529351060e-130
1.285933503549304725e-130
1.116936999653749246e-130
9.697367792437020468e-131
8.415753814732617854e-131
7.300371980882512476e-131
6.330071877290232773e-131
5.486341595302593695e-131
4.752984879921013122e-131
4.115837786036608008e-131
3.562518606198069243e-131
3.082207904230021084e-131
2.665455489085758892e-131
2.304010589490485305e-131
1.990672500143725937e-131
1.719160000354318720e-131
1.483995793827170878e-131
1.280406096510893128e-131
1.104231805090398026e-131
9.518509482345065660e-132
8.201109382620207759e-132
7.062686829074961566e-132
6.079385781476110383e-132
5.230468482162532162e-132
4.497915814063632713e-132
3.866077787489757693e-132
3.321368591702556173e-132
2.851999587850195858e-132
2.447746403373972879e-132
2.099746409694948520e-132
1.800321492180123479e-132
1.542819206936514638e-132
1.321479301765496027e-132
1.131317895787311240e-132
9.680247394357381669e-133
8.278741307104814138e-133
7.076471605659052098e-133
6.045640995415588584e-133
5.162256580817053213e-133
4.405619408928868202e-133
3.757880787485880020e-133
3.203658100683980364e-133
2.729699907526873948e-133
2.324597210000184469e-133
1.978531690397591915e-133
1.683058691907853549e-133
1.430918506636027313e-133
1.215873304114271842e-133
1.032566301786752534e-133
8.763995297172733919e-134
7.434287078625679968e-134
6.302718127560524765e-134
5.340306207589642054e-134
4.522228592176543510e-134
3.827236481320789084e-134
3.237150106050880059e-134
2.736424396222092148e-134
2.311774389759301639e-134
1.951853105116587239e-134
1.646974099791163466e-134
1.388873396424206088e-134
1.170504294473112506e-134
9.858619234814726932e-135
8.298318818963317522e-135
6.980608510048585362e-135
5.868455007008694504e-135
4.930372807147560955e-135
4.139609509957829665e-135
3.473447614109143853e-135
2.912607489569660905e-135
2.440737598722272757e-135
2.043977807020245692e-135
1.710587196909310429e-135
1.430626305511344332e-135
1.195685800612430055e-135
9.986556380751908747e-136
8.335293472773594514e-136
6.952307474243088759e-136
5.794728781788904734e-136
4.826457391409387626e-136
4.017100702343575480e-136
3.341053812520264188e-136
2.776759894479523368e-136
2.306082807326655575e-136
1.913774198933835964e-136
1.587023294777582314e-136
1.315073893656609248e-136
1.088901905056860179e-136
9.009414557767465403e-137
7.448537479005550496e-137
6.153319301544481416e-137
5.079363322965324652e-137
4.189554299967739452e-137
3.452887189171745313e-137
2.843480514320904299e-137
2.339745710550849112e-137
1.923688890926343671e-137
1.580323396140375942e-137
1.297176901599289013e-137
1.063877696073120706e-137
8.718073025156869970e-138
7.138101006873988812e-138
5.839495003744282601e-138
4.773042508687413341e-138
3.897980717540132259e-138
3.180572896439029919e-138
2.592920512606001297e-138
2.111971705372433188e-138
1.718695003139539908e-138
1.397391804066968786e-138
1.135123095113294881e-138
9.212336901661903122e-139
7.469566774354734868e-139
6.050850328764531038e-139
4.896991923220555975e-139
3.959413687055487364e-139
3.198290201664389530e-139
2.581000090478948030e-139
2.080838808328973145e-139
1.675966906193200357e-139
1.348544293916311744e-139
1.084011799114578898e-139
8.704984557159286243e-140
6.983342121473077486e-140
5.596494117753758164e-140
4.480456379258622121e-140
3.583257099534175726e-140
2.862722090182293863e-140
2.284661389883290839e-140
1.821385494307077211e-140
1.450491300693334601e-140
1.153871595941487307e-140
9.169058244822939751e-141
7.278009468671079412e-141
5.770545494249649115e-141
4.570178422451914526e-141
3.615406112013993554e-141
2.856829012668892906e-141
2.254810895597030283e-141
1.777584107930335742e-141
1.399715505006082227e-141
1.100865395038399323e-141
8.647861301822966666e-142
6.785114385274943143e-142
5.317003889632372302e-142
4.161272703627380819e-142
3.252589387948179922e-142
2.539046211219790475e-142
1.979450290586723508e-142
1.541152098106540268e-142
1.198305205991166417e-142
9.304747238423019975e-143
7.215262571575472388e-143
5.587346404431323512e-143
4.320748893635967811e-143
3.336615697539579222e-143
2.573005507717986656e-143
1.981327199679421120e-143
1.523512699509885582e-143
1.169778803181681044e-143
8.968555590701399513e-144
6.865868689756809722e-144
5.248265507109299841e-144
4.005681289997011846e-144
3.052601691308326937e-144
2.322682300474755995e-144
1.764525894279053598e-144
1.338373595868440378e-144
1.013515100780406415e-144
7.662648586428681991e-145
5.783831297048508985e-145
4.358453420276831885e-145
3.278847611859262631e-145
2.462486691586913598e-145
1.846214306742558550e-145
1.381775206525847538e-145
1.032360100098693318e-145
7.699363197462287218e-146
5.731909920333948783e-146
4.259472707780777235e-146
3.159476514875446797e-146
2.339203104893378478e-146
1.728640907222261283e-146
1.275023101232309379e-146
9.386424024943481374e-147
6.896697694832303728e-147
5.057442004787372860e-147
3.701339691283344063e-147
2.703428199042986059e-147
1.970552194186279495e-147
1.433400499650393397e-147
1.040501598090887324e-147
7.537070116409708211e-148
5.447983110852925949e-148
3.929443191394518483e-148
2.827977098673112296e-148
2.030701694425114216e-148
1.454846600991477551e-148
1.039862099907971950e-148
7.414950063997449420e-149
5.274736481437673360e-149
3.743167715049405256e-149
2.649777494338484778e-149
1.871097896650172854e-149
1.317909793620788969e-149
9.258950589935519649e-150
6.487975997210168904e-150
4.534321487443556228e-150
3.160493606938547371e-150
2.196953610026676098e-150
1.522988006756431499e-150
1.052852202224571180e-150
7.257987283260177016e-151
4.989133006878017936e-151
3.419604411517226905e-151
2.336953309025079636e-151
1.592313904873117168e-151
1.081664301366790812e-151
7.325238690269150783e-152
4.945343377669795452e-152
3.328097106332369409e-152
2.232540996262725707e-152
1.492744307396100143e-152
9.947915919784413758e-153
6.607195899528905152e-153
4.373386595077314968e-153
2.884768098055665674e-153
1.896149102813505411e-153
1.241876194719541901e-153
8.104076620411736758e-154
5.268933711571104682e-154
3.412792583210766162e-154
2.202107103902133129e-154
1.415418803638899830e-154
9.062037081672028739e-155
5.778735891284508918e-155
3.670008015833514818e-155
2.321012889891756178e-155
1.461577903630267115e-155
9.163612559967839447e-156
5.719756274192459038e-156
3.554014309431642591e-156
2.198141295228054827e-156
1.353162102184544803e-156
8.290178839875757945e-157
5.054276189973325188e-157
3.066162506541350798e-157
1.850681096413750052e-157
1.111287196113828275e-157
6.637985291079210524e-158
3.943822781946361541e-158
2.330366995343926234e-158
1.369337696707837897e-158
8.000822862432134566e-159
4.647868012682171528e-159
2.684214403405998482e-159
1.540893303892604387e-159
8.791562985066649279e-160
4.984740902469438832e-160
2.808312203396090996e-160
1.571868904313522049e-160
8.739681179910092922e-161
4.826383795087223153e-161
2.646866198909490758e-161
1.441322104497933379e-161
7.791877928692030239e-162
4.181250681914834953e-162
2.226781009130691904e-162
1.176651104308543276e-162
6.167488700378682653e-163
3.206152002574860281e-163
1.652729992052021364e-163
8.446425234885424785e-164
4.278663304822052557e-164
2.147903106420296936e-164
1.068309401737604986e-164
5.263283278696332992e-165
2.567982789689035153e-165
1.240503801054800353e-165
5.931511327824719535e-166
2.806579799110874901e-166
1.313682496853073313e-166
6.080403429078312538e-167
3.319200198501049204e-167
2.653372304952537091e-212
1.615451700347143211e-212
9.766872865760677925e-213
5.863599504567296915e-213
3.484835010946473968e-213
2.050317407498215159e-213
1.194237702861089660e-213
6.879851296072464476e-214
3.919667418917373328e-214
2.208883197027244412e-214
1.230219101206720652e-214
6.767386912657923659e-215
3.677942905104217043e-215
1.976382099199583075e-215
1.051854996374336876e-215
5.524285412821973102e-216
2.861612191297430397e-216
1.460497600763246900e-216
7.337704922513754233e-217
3.627309316866227816e-217
1.763209991746199930e-217
8.416842258993146738e-218
3.941986716265289119e-218
1.813270004281999813e-218
8.195072499021903029e-219
3.631301888120477811e-219
1.575611604645962545e-219
6.681920190531973653e-220
2.765768910155561850e-220
1.115224398052811253e-220
4.369970210342806148e-221
1.663008393423752463e-221
6.155439895842844992e-222
2.204453904930022743e-222
7.605905336596089911e-223
2.529329692613528797e-223
8.114560592439674369e-224
2.830648002275258795e-235
8.656116620001363993e-236
2.550344309211937501e-236
7.240848434245864891e-237
1.974035391478673752e-237
5.145243881950550090e-238
1.274251896397635941e-238
2.982607893265393763e-239
6.671852688082961778e-240
1.409648398028755722e-240
2.650986197130008058e-241
4.404698796352767944e-242
6.439180295975490437e-243
8.320073296131076163e-244
1.007369099656912936e-244
1.153493599717174626e-245
1.224506799787885637e-246
1.172714999859427807e-247
9.517278899228446314e-249
6.450895599655207729e-250
3.581251799877339893e-251
1.570532899966613123e-252
5.241357299933292648e-254
1.306268399990446382e-255
2.482574299990043487e-257
3.504951199992696848e-259
3.289943099996655139e-261
1.940745999999105532e-263
6.736119099998709352e-266
1.089186899999921821e-268
2.674728399999936794e-282
7.674575699999949086e-286
6.511945999999990048e-290
1.082661099999999909e-294
2.057367899999999907e-300
2.266213199999999902e-307
1.408412101851356398e-315
0.000000000000000000e+00
0.000000000000000000e+00
0.000000000000000000e+00
0.000000000000000000e+00
