9.928595199999999565e-140
9.174049100000000300e-140
8.480358199999999713e-140
7.842452399999999815e-140
7.254938599999999554e-140
6.716172000000000392e-140
6.222237999999999777e-140
5.767644199999999889e-140
5.348277600000000086e-140
4.961473299999999736e-140
4.604246000000000341e-140
4.274657700000000317e-140
3.970066499999999876e-140
3.688738300000000021e-140
3.428532500000000109e-140
3.188281500000000213e-140
2.965757600000000007e-140
2.760108600000000204e-140
2.569590299999999846e-140
2.393299100000000042e-140
2.230364600000000104e-140
2.080200299999999946e-140
1.941272699999999902e-140
1.812461199999999965e-140
1.692802200000000056e-140
1.581816499999999971e-140
1.478576500000000108e-140
1.382724899999999985e-140
1.293617900000000078e-140
1.210818799999999898e-140
1.133758400000000020e-140
1.062118100000000096e-140
9.954174500000000307e-141
9.334009199999999959e-141
8.756901800000000517e-141
8.218726000000000370e-141
7.718123200000000310e-141
7.253220899999999546e-141
6.822229199999999794e-141
6.421238000000000573e-141
6.047518600000000484e-141
5.698566600000000559e-141
5.372960200000000466e-141
5.069042699999999968e-141
4.785030000000000087e-141
4.519440499999999878e-141
4.271693599999999900e-141
4.039833599999999779e-141
3.822959000000000060e-141
3.620286199999999920e-141
3.430735499999999798e-141
3.253026599999999872e-141
3.087025499999999778e-141
2.931290699999999848e-141
2.785490399999999984e-141
2.648994999999999930e-141
2.521242599999999887e-141
2.402220700000000093e-141
2.290855999999999993e-141
2.186842599999999871e-141
2.088948199999999865e-141
1.997291900000000040e-141
1.910965999999999894e-141
1.830001500000000004e-141
1.753952400000000113e-141
1.682460400000000048e-141
1.615288899999999938e-141
1.552248999999999884e-141
1.492998799999999978e-141
1.437350999999999999e-141
1.385068600000000085e-141
1.335982699999999953e-141
1.290012899999999968e-141
1.246866800000000012e-141
1.206470100000000041e-141
1.168617700000000026e-141
1.218852999999999994e-141
1.383153300000000108e-141
1.592823399999999969e-141
1.872976599999999863e-141
2.268366199999999903e-141
2.859775800000000218e-141
3.825795899999999984e-141
5.615898799999999571e-141
9.721835499999999976e-141
2.287821700000000213e-140
1.043644799999999943e-139
4.499950200000000014e-138
3.027977601893999856e-56
2.806464088298167007e-56
2.605059396184629701e-56
2.421893990895131187e-56
2.255238300103289669e-56
2.103515204945784899e-56
1.965294293232705352e-56
1.839281893124948021e-56
1.724308492357347399e-56
1.619318398175675682e-56
1.523359500729841118e-56
1.435573192944014040e-56
1.355185596057358119e-56
1.281499101661591453e-56
1.213885302795092118e-56
1.151777605538552691e-56
1.094665403628596574e-56
1.042088502627000567e-56
9.936318370461310899e-57
9.489213213602784771e-57
9.076193402176468899e-57
8.694213183014114401e-57
8.340523292933908041e-57
8.012641085251931992e-57
7.708323495112921547e-57
7.425543279005760893e-57
7.162466869054561266e-57
6.917435495755459800e-57
6.688946914670866239e-57
6.475640090289129422e-57
6.276281213854889172e-57
6.089750784864531670e-57
5.915032289482479824e-57
5.751201890390891564e-57
5.597419509721037388e-57
5.452920011692150913e-57
5.317006818884944086e-57
5.189044096676416918e-57
5.068451817573334989e-57
4.954699597399276362e-57
4.847302503311191336e-57
4.745816204228996039e-57
4.649833715341195089e-57
4.558981206872663694e-57
4.472915294255880670e-57
4.391318892641465876e-57
4.313899416534312613e-57
4.240388793391353091e-57
4.170540379773712957e-57
4.104126288340586908e-57
4.040935488960163413e-57
3.980772694335757696e-57
3.923456615639682130e-57
3.868819085667959007e-57
3.816703793530304430e-57
3.766965410225049424e-57
3.719468208644043247e-57
3.674085999388999201e-57
3.630700991807685536e-57
3.589202895167496348e-57
3.549488682833252076e-57
3.511462099205705745e-57
3.475032716625251153e-57
3.440115609269734688e-57
3.406631485709861323e-57
3.374505488242884959e-57
3.343667290058607912e-57
3.314050898799318894e-57
3.285594088332197069e-57
3.258237998892198176e-57
3.231927404432264633e-57
3.206610011809623165e-57
3.182236595527366426e-57
3.158760594018254119e-57
3.136138112915243375e-57
3.114327395734305252e-57
3.093289010648646785e-57
3.072985501397593086e-57
3.053381604480226596e-57
3.034443594780756676e-57
3.016139807820246653e-57
2.998439888623018578e-57
2.981315202142969384e-57
2.964738493572446526e-57
2.948684097480054168e-57
2.933127188733857929e-57
2.918044701671163844e-57
2.903414311284409389e-57
2.889214792489774588e-57
2.875426308093749772e-57
2.862029604090411532e-57
2.849006613229930860e-57
2.836339910943733192e-57
2.824013101054203328e-57
2.812010387594534430e-57
2.800317102250334356e-57
2.788918691965124942e-57
2.777801688706845934e-57
2.766953295712052027e-57
2.756360988054482117e-57
2.746013097205382365e-57
2.735898498354630926e-57
2.726006494589149263e-57
2.716326689220800534e-57
2.706849711771006232e-57
2.697566010967223640e-57
2.688466790006430675e-57
2.679543805091936408e-57
2.670788705122304759e-57
2.662194092907116400e-57
2.653752497223378040e-57
2.645456994370201886e-57
2.637300812633461962e-57
2.629277601864157450e-57
2.621381390373762878e-57
2.613606306917692457e-57
2.605946801214631243e-57
2.598397501261521808e-57
2.590953608822714897e-57
2.583610000581570688e-57
2.576362303980994110e-57
2.569206094772949311e-57
2.562137101245198453e-57
2.555151398739797884e-57
2.548245089623035961e-57
2.541414600632811590e-57
2.534656407782408762e-57
2.527967288098582072e-57
2.521343892975535105e-57
2.514783399084869527e-57
2.508282707671582064e-57
2.501839295199220195e-57
2.495450288031819771e-57
2.489113487621886818e-57
2.482826195159481555e-57
2.476586411823223001e-57
2.470391689372127412e-57
2.464240203257725221e-57
2.458129805521696404e-57
2.452058696740968428e-57
2.446025003169558408e-57
2.440027101027006965e-57
2.434063191593475322e-57
2.428131900174825023e-57
2.422231703386036982e-57
2.416361102232958678e-57
2.410518797711212056e-57
2.404703490807539687e-57
2.398914106247491465e-57
2.393149297203843665e-57
2.387408811839637464e-57
2.381691903065237142e-57
2.375997895996918028e-57
2.370325590859076020e-57
2.364674088820529769e-57
2.359042690330991000e-57
2.353430396070947179e-57
2.347836506480262830e-57
2.342260299273898721e-57
2.336700898177606581e-57
2.331157804080924570e-57
2.325630193909871364e-57
2.320117691676345195e-57
2.314619498018222337e-57
2.309135090245058092e-57
2.303663892184589569e-57
2.298205603998417586e-57
2.292759503146582432e-57
2.287325190634089264e-57
2.281902389591329642e-57
2.276490500164362255e-57
2.271089100468071035e-57
2.265697990575602354e-57
2.260316693840636456e-57
2.254944810395069539e-57
2.249582095827474544e-57
2.244228295244031015e-57
2.238883009216809073e-57
2.233545993194384819e-57
2.228216992401111017e-57
2.222895706950327657e-57
2.217581892824126177e-57
2.212275394473292964e-57
2.206975890598061435e-57
2.201683303034799744e-57
2.196397310141205154e-57
2.191117790482660444e-57
2.185844609827556817e-57
2.180577502913251094e-57
2.175316391899773850e-57
2.170061098735071077e-57
2.164811401857840554e-57
2.159567301727005419e-57
2.154328598366371895e-57
2.149095092013962255e-57
2.143866904344974816e-57
2.138643592878102573e-57
2.133425300455485930e-57
2.128211805868330820e-57
2.123003009132946510e-57
2.117798889721686195e-57
2.112599289842622348e-57
2.107404209773297383e-57
2.102213507113469357e-57
2.097027003628695246e-57
2.091844699325170549e-57
2.086666594000624506e-57
2.081492509101949838e-57
2.076322402950868915e-57
2.071156196416899653e-57
2.065993889916709979e-57
2.060835403852112927e-57
2.055680497161927261e-57
2.050529290916565223e-57
2.045381805361763532e-57
2.040237699741297726e-57
2.035097094760438367e-57
2.029959990414934382e-57
2.024826207150471010e-57
2.019695704615408362e-57
2.014568402899970817e-57
2.009444402399878831e-57
2.004323502905667445e-57
1.999205804809089028e-57
1.994091108099997799e-57
1.988979392877265810e-57
1.983870698961442843e-57
1.978764906796265251e-57
1.973662096433986746e-57
1.968562107583688185e-57
1.963465001005686427e-57
1.958370596225436248e-57
1.953279093619808433e-57
1.948190792782342262e-57
1.943106393893399215e-57
1.938026496550506221e-57
1.932951001127683189e-57
1.927879907224536662e-57
1.922813196177254898e-57
1.917751006092886525e-57
1.912693098934438201e-57
1.907639593722529871e-57
1.902590490822664024e-57
1.897545808812202083e-57
1.892505391128691068e-57
1.887469394679978312e-57
1.882437800472491497e-57
1.877410608488336318e-57
1.872387699985581919e-57
1.867369094143930196e-57
1.862354909379563665e-57
1.857345108375511709e-57
1.852339591262884137e-57
1.847338395488245123e-57
1.842341602271422552e-57
1.837349093218159972e-57
1.832360905287460118e-57
1.827377001759763446e-57
1.822397501168520686e-57
1.817422203307889718e-57
1.812451308155668024e-57
1.807484697976339810e-57
1.802522408763323107e-57
1.797564304572643880e-57
1.792610603274561344e-57
1.787661105202808662e-57
1.782715892325407789e-57
1.777775000320710156e-57
1.772838393913313753e-57
1.767906008404271354e-57
1.762977808359687888e-57
1.758053894252393482e-57
1.753134200912330808e-57
1.748218793550995417e-57
1.743307706977937169e-57
1.738400806423912168e-57
1.733498192179669135e-57
1.728599898588079170e-57
1.723705791516954080e-57
1.718816005285186956e-57
1.713930405437101222e-57
1.709049092088298576e-57
1.704172099778457476e-57
1.699299294172252454e-57
1.694430692496891288e-57
1.689566394719090975e-57
1.684706200805289163e-57
1.679850294091462381e-57
1.674998508188229872e-57
1.670150892810668143e-57
1.665307498340520908e-57
1.660468108157381325e-57
1.655632905501667852e-57
1.650801707320644941e-57
1.645974596785904763e-57
1.641151507321668722e-57
1.636332405852342349e-57
1.631517292646750837e-57
1.626706200342909184e-57
1.621899196480153916e-57
1.617097396846821388e-57
1.612301601405442978e-57
1.607511894043685567e-57
1.602728307082295891e-57
1.597950792400944694e-57
1.593179398042619507e-57
1.588414207941594243e-57
1.583655206539545238e-57
1.578902393779913833e-57
1.574155901248462676e-57
1.569415797688407250e-57
1.564681898846203493e-57
1.559954504679239096e-57
1.555233399748363106e-57
1.550518799501197498e-57
1.545810704204450132e-57
1.541108998402177725e-57
1.536413897707823906e-57
1.531725402074875027e-57
1.527043396186666980e-57
1.522368095665361182e-57
1.517699500310217564e-57
1.513037495094429307e-57
1.508382295343623673e-57
1.503733801157874677e-57
1.499092197344957427e-57
1.494457299237378056e-57
1.489829406931133025e-57
1.485208305371849450e-57
1.480594094941549937e-57
1.475987005390451748e-57
1.471386806949065155e-57
1.466793600140225180e-57
1.462207599518055977e-57
1.457628605170936988e-57
1.453056802654298581e-57
1.448492206819790637e-57
1.443934703020566784e-57
1.439384606013748668e-57
1.434841701386774189e-57
1.430306203800895336e-57
1.425778198931664066e-57
1.421257601345362031e-57
1.416744596663565957e-57
1.412239099500066982e-57
1.407741295846740437e-57
1.403251099657746797e-57
1.398768597433539071e-57
1.394293903035656557e-57
1.389826902768673938e-57
1.385367696966044535e-57
1.380916399352073924e-57
1.376474296221164605e-57
1.372042600935046770e-57
1.367621399878965095e-57
1.363210893381065438e-57
1.358811095218207430e-57
1.354422205445454434e-57
1.350044297115495094e-57
1.345677597590832935e-57
1.341322093507464097e-57
1.336977998546704593e-57
1.332645499426962076e-57
1.328324696321603006e-57
1.324015702906743730e-57
1.319718706023063941e-57
1.315433905835659164e-57
1.311161402770352630e-57
1.306901296985762493e-57
1.302654001795838532e-57
1.298419404373076335e-57
1.294197904998062770e-57
1.289989603947883803e-57
1.285794601624729887e-57
1.281613298297504651e-57
1.277445594231821905e-57
1.273292002422692402e-57
1.269152497875438405e-57
1.265027306267830756e-57
1.260916702507710762e-57
1.256820999910388242e-57
1.252740198589915369e-57
1.248674699158392993e-57
1.244624701846773924e-57
1.240590394725009220e-57
1.236572103114554092e-57
1.232570002706846802e-57
1.228584393955978897e-57
1.224615502170018312e-57
1.220663703138203959e-57
1.216729397539164659e-57
1.212812698170835629e-57
1.208914805215620892e-57
1.205037194751942142e-57
1.201181202983493695e-57
1.197346994769269607e-57
1.193535294614768554e-57
1.189746503157349088e-57
1.185981097425353420e-57
1.182239601908607507e-57
1.178522505668693122e-57
1.174830397669371189e-57
1.171163802498560622e-57
1.167523397737572992e-57
1.163909695929807387e-57
1.160323398440641266e-57
1.156764994704676661e-57
1.153235397695835398e-57
1.149735097235806776e-57
1.146264894617713001e-57
1.142825503118313491e-57
1.139417901445807004e-57
1.136042702869870978e-57
1.132700798075994199e-57
1.129393200559501018e-57
1.126120701361817354e-57
1.122884203081418502e-57
1.119684597426180546e-57
1.116523098863490919e-57
1.113400399541278761e-57
1.110317703464968148e-57
1.107276004077322173e-57
1.104276395223672884e-57
1.101319904515851800e-57
1.098409104022044443e-57
1.095546100067266254e-57
1.092732000877573003e-57
1.089967594758345652e-57
1.087253604490574676e-57
1.084590201222332836e-57
1.081977203234137785e-57
1.079413501755665789e-57
1.076896195641154755e-57
1.074420295685987329e-57
1.071975600911500703e-57
1.069542505017223649e-57
1.067078499661949416e-57
1.064467697450067345e-57
1.061533305076570487e-57
1.058606399521933307e-57
1.853329603459251962e-86
1.362282600292739617e-86
9.963003565073111361e-87
7.248845805646297481e-87
5.242796316468537440e-87
3.768974313783514844e-87
2.692736506451111522e-87
1.911298898908887140e-87
1.347583406503801269e-87
9.436927887299609737e-88
6.561495906436164501e-88
4.528424908470101895e-88
3.101803204304655459e-88
2.108610699146031923e-88
1.422895295095389480e-88
9.521729922100119368e-89
6.316564280790429365e-89
4.152187002169906581e-89
2.703441308294775219e-89
1.742798108103646028e-89
1.111974494794712283e-89
7.018079965807916984e-90
4.379247318069498807e-90
2.701465306379454326e-90
1.647064999803419705e-90
9.916965667557418521e-91
5.892820017375995572e-91
3.452969595107273772e-91
1.993741807320773893e-91
1.133375698021118931e-91
6.336722414997696831e-92
3.482179286229972032e-92
1.880308398730109669e-92
9.959572722273508981e-93
5.166512524858862847e-93
2.623209092339370511e-93
1.302867198786120443e-93
1.742351201400492317e-104
8.453341819532819041e-105
4.004406014464061375e-105
1.850762808753252583e-105
8.329645564043386994e-106
3.642341987222710480e-106
1.542939795638043991e-106
6.314450185742231417e-107
2.501981095531045481e-107
9.550558386644555058e-108
3.443435696272092752e-108
1.167971999032881644e-108
3.714986097678121357e-109
1.107227299485127317e-109
3.140584798930388179e-110
8.478951097921042728e-111
2.159104299625990657e-111
5.124891299385684481e-112
1.107963599910178905e-112
2.162087999884438756e-113
3.765473499871030382e-114
5.752462699877712887e-115
7.565498299903712678e-116
8.443149199938248979e-117
7.964300799968058781e-118
6.221345799987036619e-119
3.831575499996104198e-120
1.794563399999172744e-121
6.118116199998827096e-123
1.371648199999901526e-124
1.266894299999970137e-136
1.103634699999992753e-138
4.763531699999992204e-141
8.209077099999998047e-144
4.311009899999999870e-147
5.246131199999999968e-151
1.600519200000000023e-155
6.955025299999999656e-161
0.000000000000000000e+00
0.000000000000000000e+00
0.000000000000000000e+00
