5.063376500000000306e+03
5.080957699999999932e+03
5.098381999999999607e+03
5.115912999999999556e+03
5.133284399999999550e+03
5.150762200000000121e+03
5.168078400000000329e+03
5.185500200000000405e+03
5.202757700000000114e+03
5.220119899999999689e+03
5.237315099999999802e+03
5.254614099999999780e+03
5.271743300000000090e+03
5.288975499999999556e+03
5.306034999999999854e+03
5.323196500000000015e+03
5.340182399999999689e+03
5.357269400000000132e+03
5.374177999999999884e+03
5.391186499999999796e+03
5.408014100000000326e+03
5.424941100000000006e+03
5.441684100000000399e+03
5.458525499999999738e+03
5.475179799999999886e+03
5.491931400000000394e+03
5.508492900000000191e+03
5.525150700000000143e+03
5.541615200000000186e+03
5.558174899999999980e+03
5.574538300000000163e+03
5.590995700000000397e+03
5.607253800000000410e+03
5.623604699999999866e+03
5.639753300000000309e+03
5.655993599999999788e+03
5.672028400000000147e+03
5.688154199999999946e+03
5.704071700000000419e+03
5.720079099999999926e+03
5.735875100000000202e+03
5.751759799999999814e+03
5.767430000000000291e+03
5.783188000000000102e+03
5.798728299999999763e+03
5.814355300000000170e+03
5.829761800000000221e+03
5.845253800000000410e+03
5.860522299999999632e+03
5.875875299999999697e+03
5.891001800000000003e+03
5.906211900000000242e+03
5.921192600000000311e+03
5.936255900000000111e+03
5.951087000000000444e+03
5.965999700000000303e+03
5.980677700000000186e+03
5.995436499999999796e+03
6.009957699999999932e+03
6.024558899999999994e+03
6.038919899999999870e+03
6.053359900000000380e+03
6.067556999999999789e+03
6.081832400000000234e+03
6.095862299999999777e+03
6.109969600000000355e+03
6.123829099999999926e+03
6.137765199999999822e+03
6.151451100000000224e+03
6.165212999999999738e+03
6.178722300000000359e+03
6.192307099999999991e+03
6.205637099999999919e+03
6.219042000000000371e+03
6.232189999999999600e+03
6.245412400000000162e+03
6.258376299999999901e+03
6.271414899999999761e+03
6.284193500000000313e+03
6.297046800000000076e+03
6.309638500000000022e+03
6.322304799999999886e+03
6.334708099999999831e+03
6.347186399999999594e+03
6.359401100000000042e+03
6.371692799999999806e+03
6.383723500000000058e+03
6.395841099999999642e+03
6.418588999999999942e+03
6.441358000000000175e+03
6.464147899999999936e+03
6.486958499999999731e+03
6.509789899999999761e+03
6.532641800000000330e+03
6.555514000000000124e+03
6.578406399999999849e+03
6.601318900000000212e+03
6.624251500000000306e+03
6.647203999999999724e+03
6.670176499999999578e+03
6.693168999999999869e+03
6.716181499999999687e+03
6.739213800000000447e+03
6.762266099999999824e+03
6.785338300000000345e+03
6.808430299999999988e+03
6.831542300000000068e+03
6.854674200000000383e+03
6.877826000000000022e+03
6.900997699999999895e+03
6.924189400000000205e+03
6.947400899999999638e+03
6.970632499999999709e+03
6.993884000000000015e+03
7.017155499999999847e+03
7.040446899999999914e+03
7.063758399999999710e+03
7.087090000000000146e+03
7.110441600000000108e+03
7.133813199999999597e+03
7.157204999999999927e+03
7.180616899999999987e+03
7.204048999999999978e+03
7.227501199999999699e+03
7.250973600000000260e+03
7.274466300000000047e+03
7.297979199999999764e+03
7.321512399999999616e+03
7.345065800000000309e+03
7.368639600000000428e+03
7.392233799999999974e+03
7.415848299999999654e+03
7.439483299999999872e+03
7.463138399999999820e+03
7.486812600000000202e+03
7.510504899999999907e+03
7.534214100000000144e+03
7.557939699999999903e+03
7.581681599999999889e+03
7.605439900000000307e+03
7.629214700000000448e+03
7.653005900000000111e+03
7.676813699999999699e+03
7.700637999999999920e+03
7.724479000000000269e+03
7.748336699999999837e+03
7.772211199999999735e+03
7.796102399999999761e+03
7.820010599999999613e+03
7.843935599999999795e+03
7.867877700000000004e+03
7.891836800000000039e+03
7.915813100000000304e+03
7.939806499999999687e+03
7.963817299999999705e+03
7.987845299999999952e+03
8.011890800000000127e+03
8.035953800000000228e+03
8.060034399999999550e+03
8.084132599999999911e+03
8.108248599999999897e+03
8.132381999999999607e+03
8.156532900000000154e+03
8.180701399999999921e+03
8.204887500000000728e+03
8.229091399999999339e+03
8.253313000000000102e+03
8.277552499999999782e+03
8.301809999999999491e+03
8.326085600000000341e+03
8.350379399999999805e+03
8.374691300000000410e+03
8.399021600000000035e+03
8.423370399999999790e+03
8.447737600000000384e+03
8.472123499999999694e+03
8.496528000000000247e+03
8.520951399999999921e+03
8.545393599999999424e+03
8.569854900000000271e+03
8.594335300000000643e+03
8.618834899999999834e+03
8.643353800000000774e+03
8.667892099999999118e+03
8.692450000000000728e+03
8.717027500000000146e+03
8.741624799999999595e+03
8.766242000000000189e+03
8.790879199999999400e+03
8.815536599999999453e+03
8.840214200000000346e+03
8.864912200000000666e+03
8.889630800000000818e+03
8.914370000000000800e+03
8.939129999999999200e+03
8.963911000000000058e+03
8.988713100000000850e+03
9.013536500000000160e+03
9.038381299999999101e+03
9.063247600000000602e+03
9.088135599999999613e+03
9.113045500000000175e+03
9.137977500000000873e+03
9.162931699999999182e+03
9.187908199999999852e+03
9.212907300000000760e+03
9.237929200000000492e+03
9.262973900000000867e+03
9.288041699999999764e+03
9.313132799999999406e+03
9.338247300000000905e+03
9.363385399999999208e+03
9.388547399999999470e+03
9.413733399999999165e+03
9.438943600000000515e+03
9.464178099999999176e+03
9.489437299999999595e+03
9.514721199999999953e+03
9.540030000000000655e+03
9.565364100000000690e+03
9.590723400000000765e+03
9.616107700000000477e+03
9.641517200000000230e+03
9.666952100000000428e+03
9.692412599999999657e+03
9.717898900000000140e+03
9.743411000000000058e+03
9.768949199999999109e+03
9.794513699999999517e+03
9.820104499999999462e+03
9.845721900000000460e+03
9.871365900000000693e+03
9.897036799999999857e+03
9.922734700000000885e+03
9.948459600000000137e+03
9.974211699999999837e+03
9.999991200000000390e+03
1.002579800000000068e+04
1.005163099999999940e+04
1.007748899999999958e+04
1.010336900000000060e+04
1.012927100000000064e+04
1.015519499999999971e+04
1.018114199999999983e+04
1.020711000000000058e+04
1.023310100000000057e+04
1.025911399999999958e+04
1.028514999999999964e+04
1.031120900000000074e+04
1.033729199999999946e+04
1.036339700000000084e+04
1.038952599999999984e+04
1.041567799999999988e+04
1.044185399999999936e+04
1.046805400000000009e+04
1.049427800000000025e+04
1.052052599999999984e+04
1.054679900000000089e+04
1.057309599999999955e+04
1.059941799999999967e+04
1.062576499999999942e+04
1.065213700000000063e+04
1.067853499999999985e+04
1.070495800000000054e+04
1.073140699999999924e+04
1.075788199999999961e+04
1.078438299999999981e+04
1.081090999999999985e+04
1.083746399999999994e+04
1.086404500000000007e+04
1.089065300000000025e+04
1.091728800000000047e+04
1.094395000000000073e+04
1.097063999999999942e+04
1.099735699999999997e+04
1.102410100000000057e+04
1.105087199999999939e+04
1.107767200000000048e+04
1.110449899999999980e+04
1.113135499999999956e+04
1.115823899999999958e+04
1.118515200000000004e+04
1.121209300000000076e+04
1.123906400000000031e+04
1.126606400000000031e+04
1.129309300000000076e+04
1.132015300000000025e+04
1.134724200000000019e+04
1.137436199999999917e+04
1.140151300000000083e+04
1.142869399999999951e+04
1.145590600000000086e+04
1.148314999999999964e+04
1.151042599999999948e+04
1.153773400000000038e+04
1.156507400000000052e+04
1.159244599999999991e+04
1.161985200000000077e+04
1.164729099999999926e+04
1.167476399999999921e+04
1.170227000000000044e+04
1.172981099999999969e+04
1.175738700000000063e+04
1.178499799999999959e+04
1.181264400000000023e+04
1.184032599999999911e+04
1.186804399999999987e+04
1.189579800000000068e+04
1.192359000000000015e+04
1.195141899999999987e+04
1.197928600000000006e+04
1.200719100000000071e+04
1.203513400000000001e+04
1.206311599999999999e+04
1.209113800000000083e+04
1.211919900000000052e+04
1.214729999999999927e+04
1.217544199999999910e+04
1.220362500000000000e+04
1.223184799999999996e+04
1.226011199999999917e+04
1.228841699999999946e+04
1.231675900000000001e+04
1.234513400000000001e+04
1.237354199999999946e+04
1.240198199999999997e+04
1.243045499999999993e+04
1.245896199999999953e+04
1.248750100000000020e+04
1.251607500000000073e+04
1.254468200000000070e+04
1.257332400000000052e+04
1.260200000000000000e+04
1.263071099999999933e+04
1.265945800000000054e+04
1.268823999999999978e+04
1.271705700000000070e+04
1.274591100000000006e+04
1.277480199999999968e+04
1.280372899999999936e+04
1.283269399999999951e+04
1.286169599999999991e+04
1.289073600000000079e+04
1.291981500000000051e+04
1.294893200000000070e+04
1.297808899999999994e+04
1.300728399999999965e+04
1.303652000000000044e+04
1.306579600000000028e+04
1.309511199999999917e+04
1.312446999999999935e+04
1.315386900000000060e+04
1.318330999999999949e+04
1.321279399999999987e+04
1.324231999999999971e+04
1.327188999999999942e+04
1.330150300000000061e+04
1.333116100000000006e+04
1.336086299999999937e+04
1.339061100000000079e+04
1.342040300000000025e+04
1.345024099999999999e+04
1.348012399999999980e+04
1.351005299999999988e+04
1.354002800000000025e+04
1.357004999999999927e+04
1.360011900000000060e+04
1.363023699999999917e+04
1.366040200000000004e+04
1.369061700000000019e+04
1.372088099999999940e+04
1.375119599999999991e+04
1.378156099999999969e+04
1.381197700000000077e+04
1.384244599999999991e+04
1.387296700000000055e+04
1.390354099999999926e+04
1.393417000000000007e+04
1.396485399999999936e+04
1.399559300000000076e+04
1.402638800000000083e+04
1.405724099999999999e+04
1.408815200000000004e+04
1.411912099999999919e+04
1.415014999999999964e+04
1.418123899999999958e+04
1.421238899999999921e+04
1.424360200000000077e+04
1.427487099999999919e+04
1.430619100000000071e+04
1.433755999999999949e+04
1.436897899999999936e+04
1.440044900000000052e+04
1.443196999999999935e+04
1.446354299999999967e+04
1.449516799999999967e+04
1.452684499999999935e+04
1.455857400000000052e+04
1.459035499999999956e+04
1.462219000000000051e+04
1.465407899999999972e+04
1.468602200000000084e+04
1.471802100000000064e+04
1.475007599999999911e+04
1.478218699999999990e+04
1.481435599999999977e+04
1.484658200000000033e+04
1.487886700000000019e+04
1.491121199999999953e+04
1.494361700000000019e+04
1.497608300000000054e+04
1.500861000000000058e+04
1.504120000000000073e+04
1.507385399999999936e+04
1.510657200000000012e+04
1.513935499999999956e+04
1.517220399999999972e+04
1.520512000000000080e+04
1.523810399999999936e+04
1.527115699999999924e+04
1.530427900000000045e+04
1.533747299999999996e+04
1.537073799999999937e+04
1.540407599999999911e+04
1.543748899999999958e+04
1.547097600000000057e+04
1.550454000000000087e+04
1.553817900000000009e+04
1.557189400000000023e+04
1.560568699999999990e+04
1.563955899999999929e+04
1.567351200000000063e+04
1.570754500000000007e+04
1.574166100000000006e+04
1.577586100000000079e+04
1.581014600000000064e+04
1.584451800000000003e+04
1.587897899999999936e+04
1.591353000000000065e+04
1.594817300000000068e+04
1.598289999999999964e+04
1.601770199999999932e+04
1.605257699999999932e+04
1.608752900000000045e+04
1.612255700000000070e+04
1.615766300000000047e+04
1.619284900000000016e+04
1.622811399999999958e+04
1.626345999999999913e+04
1.629888899999999921e+04
1.633440200000000004e+04
1.637000000000000000e+04
1.640568400000000111e+04
1.644145599999999831e+04
1.647731399999999849e+04
1.651326099999999860e+04
1.654929699999999866e+04
1.658542499999999927e+04
1.662164500000000044e+04
1.665795999999999913e+04
1.669436999999999898e+04
1.673087800000000061e+04
1.676748400000000038e+04
1.680419199999999910e+04
1.684100200000000041e+04
1.687791700000000128e+04
1.691493899999999849e+04
1.695206899999999951e+04
1.698931000000000131e+04
1.702666300000000047e+04
1.706413200000000143e+04
1.710171800000000076e+04
1.713942299999999886e+04
1.717725100000000020e+04
1.721520300000000134e+04
1.725328299999999945e+04
1.729149299999999857e+04
1.732983199999999852e+04
1.736830400000000009e+04
1.740691100000000006e+04
1.744565399999999863e+04
1.748450999999999840e+04
1.752347799999999916e+04
1.756256100000000151e+04
1.760176099999999860e+04
1.764107900000000154e+04
1.768051800000000003e+04
1.772008099999999831e+04
1.775976900000000023e+04
1.779958399999999892e+04
1.783953099999999904e+04
1.787961100000000079e+04
1.791982700000000114e+04
1.796018200000000070e+04
1.800068000000000029e+04
1.804132200000000012e+04
1.808211400000000140e+04
1.812305400000000009e+04
1.816414600000000064e+04
1.820539300000000003e+04
1.824679999999999927e+04
1.828836899999999878e+04
1.833010399999999936e+04
1.837201099999999860e+04
1.841409400000000096e+04
1.845635699999999997e+04
1.849880600000000049e+04
1.854144599999999991e+04
1.858428099999999904e+04
1.862731899999999951e+04
1.867056399999999849e+04
1.871402200000000084e+04
1.875766300000000047e+04
1.880147999999999956e+04
1.884547399999999834e+04
1.888964800000000105e+04
1.893400600000000122e+04
1.897855400000000009e+04
1.902329599999999846e+04
1.906823700000000099e+04
1.911338300000000163e+04
1.915874000000000160e+04
1.920431200000000172e+04
1.925010599999999977e+04
1.929612600000000020e+04
1.934237700000000041e+04
1.938886699999999837e+04
1.942120899999999892e+04
1.943405099999999948e+04
1.944122999999999956e+04
1.944846199999999953e+04
1.945574899999999980e+04
1.946309100000000035e+04
1.947049100000000180e+04
1.947794900000000052e+04
1.948546700000000055e+04
1.949304599999999846e+04
1.950068700000000172e+04
1.950839300000000003e+04
1.951616400000000067e+04
1.952400300000000061e+04
1.953191100000000006e+04
1.953988999999999942e+04
1.954794099999999889e+04
1.955606699999999910e+04
1.956427000000000044e+04
1.957255199999999968e+04
1.958091500000000087e+04
1.958936100000000079e+04
1.959789300000000003e+04
1.960651399999999921e+04
1.961522599999999875e+04
1.962403099999999904e+04
1.963293300000000090e+04
1.964193500000000131e+04
1.965104000000000087e+04
1.966025100000000020e+04
1.966957300000000032e+04
1.967900899999999820e+04
1.968856200000000172e+04
1.969823700000000099e+04
1.970803700000000026e+04
1.971796800000000076e+04
1.972803499999999985e+04
1.973824299999999857e+04
1.974859800000000178e+04
1.975910699999999997e+04
1.976977600000000166e+04
1.978061100000000079e+04
1.979162299999999959e+04
1.980281899999999951e+04
1.981420899999999892e+04
1.982580500000000029e+04
1.983761699999999837e+04
1.984965299999999843e+04
1.986192199999999866e+04
1.987443400000000111e+04
1.988719800000000032e+04
1.990023099999999977e+04
1.991355500000000029e+04
1.992719399999999951e+04
1.994117299999999886e+04
1.995551699999999983e+04
1.997025100000000020e+04
1.998540399999999863e+04
2.000100999999999840e+04
2.001710099999999875e+04
2.003371399999999994e+04
2.005090199999999822e+04
2.006872599999999875e+04
2.008725300000000061e+04
2.010656499999999869e+04
2.012676199999999881e+04
2.014795799999999872e+04
2.017028600000000006e+04
2.019392299999999886e+04
2.021909400000000096e+04
2.024610499999999956e+04
2.027535099999999875e+04
2.030738599999999860e+04
2.034302899999999863e+04
2.038358899999999994e+04
2.043137299999999959e+04
2.049113899999999921e+04
2.057550500000000102e+04
2.076048800000000119e+04
